6.383375543396554974e+01
6.881366704708743498e+01
1.933642633036013763e+02
2.695320721494938425e+02
2.700235046102317824e+02
2.914804582849936878e+02
2.916532354716738951e+02
3.918015204421362796e+02
3.931931929540410806e+02
7.150548239894318385e+02
7.315242025498763496e+02
7.422071695056567933e+02
7.611553073231085591e+02
8.258231366155807791e+02
8.746533120729352504e+02
1.031143631516153391e+03
1.032908153266261479e+03
1.088569565165288623e+03
1.099789305182129738e+03
1.161684532491663049e+03
1.236855377597622009e+03
1.539258073889182242e+03
1.549083777217039369e+03
1.610114958688549223e+03
1.628026424912945686e+03
2.724846637072252634e+03
2.741297867696218418e+03
2.779034660375323710e+03
2.797990699954851607e+03
2.838813658461099294e+03
3.003934233268195840e+03
3.102962308298354401e+03
3.103324455738720189e+03
