Dynamical matrix file
File generated with the CellConstructor by Lorenzo Monacelli
3 5 0     1.8897259890000000     0.0000000000000000     0.0000000000000000     0.0000000000000000     0.0000000000000000     0.0000000000000000
Basis vectors
    4.0008305450633186     0.0000000000000000     0.0000000000000000
    0.0000000000000000     4.0008305450633186     0.0000000000000000
    0.0000000000000000     0.0000000000000000     4.0008305450633186
	1  'Ba '  125165.9077335107867839
	2  'Ti '  43628.1030349454958923
	3  'O '  14582.1969301625977096
    1     1     0.0000000000000000     0.0000000000000000     0.0000000000000000
    2     2     2.0004152725316593     2.0004152725316593     2.0004152725316593
    3     3     0.0000000000000000     2.0004152725316593     2.0004152725316593
    4     3     2.0004152725316593     0.0000000000000000     2.0004152725316593
    5     3     2.0004152725316593     2.0004152725316593     0.0000000000000000

     Dynamical Matrix in cartesian axes

     q = (     0.083316033904     0.000000000000     0.000000000000 )

    1    1
     0.2348481873907739     0.0000000000000000        0.0000000000000000     0.0000000000000000        0.0000000000000000     0.0000000000000000
     0.0000000000000000     0.0000000000000000        0.1320283592073035     0.0000000000000000        0.0000000000000000     0.0000000000000000
     0.0000000000000000     0.0000000000000000        0.0000000000000000     0.0000000000000000        0.1320283592073035     0.0000000000000000
    1    2
    -0.0208352026694070     0.0360876320384451        0.0000000000000000     0.0000000000000000        0.0000000000000000     0.0000000000000000
     0.0000000000000000     0.0000000000000000       -0.0192794030120424     0.0333929078041111       -0.0000000000000000     0.0000000000000000
     0.0000000000000000     0.0000000000000000        0.0000000000000000     0.0000000000000000       -0.0192794030120424     0.0333929078041111
    1    3
    -0.0823654096647849     0.0000000000000000        0.0000000000000000     0.0000000000000000        0.0000000000000000     0.0000000000000000
     0.0000000000000000     0.0000000000000000       -0.0167820594608428     0.0000000000000000        0.0000000000000000     0.0000000000000000
     0.0000000000000000     0.0000000000000000        0.0000000000000000     0.0000000000000000       -0.0167820594608428     0.0000000000000000
    1    4
    -0.0039760314699991     0.0068866889820703        0.0000000000000000     0.0000000000000000        0.0000000000000000     0.0000000000000000
     0.0000000000000000     0.0000000000000000       -0.0078959058044011     0.0136761109455317        0.0000000000000000     0.0000000000000000
     0.0000000000000000     0.0000000000000000       -0.0000000000000000     0.0000000000000000       -0.0037986054248805     0.0065793780366539
    1    5
    -0.0039760314699991     0.0068866889820703        0.0000000000000000     0.0000000000000000        0.0000000000000000     0.0000000000000000
     0.0000000000000000     0.0000000000000000       -0.0037986054248805     0.0065793780366539        0.0000000000000000    -0.0000000000000000
     0.0000000000000000     0.0000000000000000        0.0000000000000000     0.0000000000000000       -0.0078959058044011     0.0136761109455317
    2    1
    -0.0208352026694070    -0.0360876320384451        0.0000000000000000     0.0000000000000000        0.0000000000000000     0.0000000000000000
     0.0000000000000000     0.0000000000000000       -0.0192794030120424    -0.0333929078041111        0.0000000000000000     0.0000000000000000
     0.0000000000000000     0.0000000000000000       -0.0000000000000000    -0.0000000000000000       -0.0192794030120424    -0.0333929078041111
    2    2
     0.4390850341685485     0.0000000000000000        0.0000000000000000     0.0000000000000000        0.0000000000000000     0.0000000000000000
     0.0000000000000000     0.0000000000000000        0.0860575593903809     0.0000000000000000        0.0000000000000000     0.0000000000000000
     0.0000000000000000     0.0000000000000000        0.0000000000000000     0.0000000000000000        0.0860575593903809     0.0000000000000000
    2    3
     0.0079974847994663     0.0138520509378088        0.0000000000000000     0.0000000000000000        0.0000000000000000     0.0000000000000000
     0.0000000000000000     0.0000000000000000       -0.0070300800628221    -0.0121764566696752        0.0000000000000000    -0.0000000000000000
     0.0000000000000000     0.0000000000000000        0.0000000000000000     0.0000000000000000       -0.0070300800628221    -0.0121764566696752
    2    4
    -0.0984395129030791     0.0000000000000000        0.0000000000000000     0.0000000000000000        0.0000000000000000     0.0000000000000000
     0.0000000000000000     0.0000000000000000        0.0373794001609967     0.0000000000000000        0.0000000000000000     0.0000000000000000
     0.0000000000000000     0.0000000000000000        0.0000000000000000     0.0000000000000000       -0.0242560459196654     0.0000000000000000
    2    5
    -0.0984395129030791     0.0000000000000000        0.0000000000000000     0.0000000000000000        0.0000000000000000     0.0000000000000000
     0.0000000000000000     0.0000000000000000       -0.0242560459196654     0.0000000000000000        0.0000000000000000     0.0000000000000000
     0.0000000000000000     0.0000000000000000        0.0000000000000000     0.0000000000000000        0.0373794001609967     0.0000000000000000
    3    1
    -0.0823654096647849     0.0000000000000000        0.0000000000000000     0.0000000000000000        0.0000000000000000     0.0000000000000000
     0.0000000000000000     0.0000000000000000       -0.0167820594608428     0.0000000000000000        0.0000000000000000     0.0000000000000000
     0.0000000000000000     0.0000000000000000        0.0000000000000000     0.0000000000000000       -0.0167820594608428     0.0000000000000000
    3    2
     0.0079974847994663    -0.0138520509378088        0.0000000000000000     0.0000000000000000        0.0000000000000000     0.0000000000000000
     0.0000000000000000     0.0000000000000000       -0.0070300800628221     0.0121764566696752        0.0000000000000000    -0.0000000000000000
     0.0000000000000000     0.0000000000000000        0.0000000000000000     0.0000000000000000       -0.0070300800628221     0.0121764566696752
    3    3
     0.3937385848983256     0.0000000000000000        0.0000000000000000     0.0000000000000000        0.0000000000000000     0.0000000000000000
     0.0000000000000000     0.0000000000000000        0.1284970052326013     0.0000000000000000        0.0000000000000000     0.0000000000000000
     0.0000000000000000     0.0000000000000000        0.0000000000000000     0.0000000000000000        0.1284970052326013     0.0000000000000000
    3    4
    -0.0224508325617505     0.0388859852865666        0.0000000000000000     0.0000000000000000        0.0000000000000000     0.0000000000000000
     0.0000000000000000     0.0000000000000000       -0.0212793310567360     0.0368568850221605       -0.0000000000000000     0.0000000000000000
     0.0000000000000000     0.0000000000000000       -0.0000000000000000     0.0000000000000000        0.0031825904929443    -0.0055124088045022
    3    5
    -0.0224508325617505     0.0388859852865666        0.0000000000000000     0.0000000000000000        0.0000000000000000     0.0000000000000000
     0.0000000000000000     0.0000000000000000        0.0031825904929443    -0.0055124088045022        0.0000000000000000    -0.0000000000000000
     0.0000000000000000     0.0000000000000000        0.0000000000000000    -0.0000000000000000       -0.0212793310567360     0.0368568850221605
    4    1
    -0.0039760314699991    -0.0068866889820703        0.0000000000000000     0.0000000000000000        0.0000000000000000     0.0000000000000000
     0.0000000000000000     0.0000000000000000       -0.0078959058044011    -0.0136761109455317       -0.0000000000000000    -0.0000000000000000
     0.0000000000000000     0.0000000000000000        0.0000000000000000     0.0000000000000000       -0.0037986054248805    -0.0065793780366539
    4    2
    -0.0984395129030791     0.0000000000000000        0.0000000000000000     0.0000000000000000        0.0000000000000000     0.0000000000000000
     0.0000000000000000     0.0000000000000000        0.0373794001609967     0.0000000000000000        0.0000000000000000     0.0000000000000000
     0.0000000000000000     0.0000000000000000        0.0000000000000000     0.0000000000000000       -0.0242560459196654     0.0000000000000000
    4    3
    -0.0224508325617505    -0.0388859852865666        0.0000000000000000     0.0000000000000000        0.0000000000000000     0.0000000000000000
     0.0000000000000000     0.0000000000000000       -0.0212793310567360    -0.0368568850221605       -0.0000000000000000    -0.0000000000000000
     0.0000000000000000     0.0000000000000000       -0.0000000000000000    -0.0000000000000000        0.0031825904929443     0.0055124088045022
    4    4
     0.1541422254698469     0.0000000000000000        0.0000000000000000     0.0000000000000000        0.0000000000000000     0.0000000000000000
     0.0000000000000000     0.0000000000000000        0.1658669109565030     0.0000000000000000        0.0000000000000000     0.0000000000000000
     0.0000000000000000     0.0000000000000000        0.0000000000000000     0.0000000000000000        0.1197806674510557     0.0000000000000000
    4    5
     0.0330595661454618     0.0000000000000000        0.0000000000000000     0.0000000000000000        0.0000000000000000     0.0000000000000000
     0.0000000000000000     0.0000000000000000       -0.0861398193208160     0.0000000000000000        0.0000000000000000     0.0000000000000000
     0.0000000000000000     0.0000000000000000        0.0000000000000000     0.0000000000000000       -0.0861398193208160     0.0000000000000000
    5    1
    -0.0039760314699991    -0.0068866889820703        0.0000000000000000     0.0000000000000000        0.0000000000000000     0.0000000000000000
     0.0000000000000000     0.0000000000000000       -0.0037986054248805    -0.0065793780366539        0.0000000000000000     0.0000000000000000
     0.0000000000000000     0.0000000000000000        0.0000000000000000     0.0000000000000000       -0.0078959058044011    -0.0136761109455317
    5    2
    -0.0984395129030791     0.0000000000000000        0.0000000000000000     0.0000000000000000        0.0000000000000000     0.0000000000000000
     0.0000000000000000     0.0000000000000000       -0.0242560459196654     0.0000000000000000        0.0000000000000000     0.0000000000000000
     0.0000000000000000     0.0000000000000000        0.0000000000000000     0.0000000000000000        0.0373794001609967     0.0000000000000000
    5    3
    -0.0224508325617505    -0.0388859852865666        0.0000000000000000     0.0000000000000000        0.0000000000000000     0.0000000000000000
     0.0000000000000000     0.0000000000000000        0.0031825904929443     0.0055124088045022        0.0000000000000000     0.0000000000000000
     0.0000000000000000     0.0000000000000000        0.0000000000000000     0.0000000000000000       -0.0212793310567360    -0.0368568850221605
    5    4
     0.0330595661454618     0.0000000000000000        0.0000000000000000     0.0000000000000000        0.0000000000000000     0.0000000000000000
     0.0000000000000000     0.0000000000000000       -0.0861398193208160     0.0000000000000000        0.0000000000000000     0.0000000000000000
     0.0000000000000000     0.0000000000000000        0.0000000000000000     0.0000000000000000       -0.0861398193208160     0.0000000000000000
    5    5
     0.1541422254698469     0.0000000000000000        0.0000000000000000     0.0000000000000000        0.0000000000000000     0.0000000000000000
     0.0000000000000000     0.0000000000000000        0.1197806674510557     0.0000000000000000        0.0000000000000000     0.0000000000000000
     0.0000000000000000     0.0000000000000000        0.0000000000000000     0.0000000000000000        0.1658669109565030     0.0000000000000000

     Dynamical Matrix in cartesian axes

     q = (    -0.083316033904     0.000000000000     0.000000000000 )

    1    1
     0.2348481873907739     0.0000000000000000        0.0000000000000000     0.0000000000000000        0.0000000000000000     0.0000000000000000
     0.0000000000000000     0.0000000000000000        0.1320283592073035     0.0000000000000000        0.0000000000000000     0.0000000000000000
     0.0000000000000000     0.0000000000000000        0.0000000000000000     0.0000000000000000        0.1320283592073035     0.0000000000000000
    1    2
    -0.0208352026694070    -0.0360876320384451        0.0000000000000000     0.0000000000000000        0.0000000000000000     0.0000000000000000
     0.0000000000000000     0.0000000000000000       -0.0192794030120424    -0.0333929078041111       -0.0000000000000000    -0.0000000000000000
     0.0000000000000000     0.0000000000000000        0.0000000000000000     0.0000000000000000       -0.0192794030120424    -0.0333929078041111
    1    3
    -0.0823654096647849     0.0000000000000000        0.0000000000000000     0.0000000000000000        0.0000000000000000     0.0000000000000000
     0.0000000000000000     0.0000000000000000       -0.0167820594608428     0.0000000000000000        0.0000000000000000     0.0000000000000000
     0.0000000000000000     0.0000000000000000        0.0000000000000000     0.0000000000000000       -0.0167820594608428     0.0000000000000000
    1    4
    -0.0039760314699991    -0.0068866889820703        0.0000000000000000     0.0000000000000000        0.0000000000000000     0.0000000000000000
     0.0000000000000000     0.0000000000000000       -0.0078959058044011    -0.0136761109455317        0.0000000000000000     0.0000000000000000
     0.0000000000000000     0.0000000000000000       -0.0000000000000000    -0.0000000000000000       -0.0037986054248805    -0.0065793780366539
    1    5
    -0.0039760314699991    -0.0068866889820703        0.0000000000000000     0.0000000000000000        0.0000000000000000     0.0000000000000000
     0.0000000000000000     0.0000000000000000       -0.0037986054248805    -0.0065793780366539        0.0000000000000000     0.0000000000000000
     0.0000000000000000     0.0000000000000000        0.0000000000000000     0.0000000000000000       -0.0078959058044011    -0.0136761109455317
    2    1
    -0.0208352026694070     0.0360876320384451        0.0000000000000000     0.0000000000000000        0.0000000000000000     0.0000000000000000
     0.0000000000000000     0.0000000000000000       -0.0192794030120424     0.0333929078041111        0.0000000000000000     0.0000000000000000
     0.0000000000000000     0.0000000000000000       -0.0000000000000000     0.0000000000000000       -0.0192794030120424     0.0333929078041111
    2    2
     0.4390850341685485     0.0000000000000000        0.0000000000000000     0.0000000000000000        0.0000000000000000     0.0000000000000000
     0.0000000000000000     0.0000000000000000        0.0860575593903809     0.0000000000000000        0.0000000000000000     0.0000000000000000
     0.0000000000000000     0.0000000000000000        0.0000000000000000     0.0000000000000000        0.0860575593903809     0.0000000000000000
    2    3
     0.0079974847994663    -0.0138520509378088        0.0000000000000000     0.0000000000000000        0.0000000000000000     0.0000000000000000
     0.0000000000000000     0.0000000000000000       -0.0070300800628221     0.0121764566696752        0.0000000000000000     0.0000000000000000
     0.0000000000000000     0.0000000000000000        0.0000000000000000     0.0000000000000000       -0.0070300800628221     0.0121764566696752
    2    4
    -0.0984395129030791     0.0000000000000000        0.0000000000000000     0.0000000000000000        0.0000000000000000     0.0000000000000000
     0.0000000000000000     0.0000000000000000        0.0373794001609967     0.0000000000000000        0.0000000000000000     0.0000000000000000
     0.0000000000000000     0.0000000000000000        0.0000000000000000     0.0000000000000000       -0.0242560459196654     0.0000000000000000
    2    5
    -0.0984395129030791     0.0000000000000000        0.0000000000000000     0.0000000000000000        0.0000000000000000     0.0000000000000000
     0.0000000000000000     0.0000000000000000       -0.0242560459196654     0.0000000000000000        0.0000000000000000     0.0000000000000000
     0.0000000000000000     0.0000000000000000        0.0000000000000000     0.0000000000000000        0.0373794001609967     0.0000000000000000
    3    1
    -0.0823654096647849     0.0000000000000000        0.0000000000000000     0.0000000000000000        0.0000000000000000     0.0000000000000000
     0.0000000000000000     0.0000000000000000       -0.0167820594608428     0.0000000000000000        0.0000000000000000     0.0000000000000000
     0.0000000000000000     0.0000000000000000        0.0000000000000000     0.0000000000000000       -0.0167820594608428     0.0000000000000000
    3    2
     0.0079974847994663     0.0138520509378088        0.0000000000000000     0.0000000000000000        0.0000000000000000     0.0000000000000000
     0.0000000000000000     0.0000000000000000       -0.0070300800628221    -0.0121764566696752        0.0000000000000000    -0.0000000000000000
     0.0000000000000000     0.0000000000000000        0.0000000000000000     0.0000000000000000       -0.0070300800628221    -0.0121764566696752
    3    3
     0.3937385848983256     0.0000000000000000        0.0000000000000000     0.0000000000000000        0.0000000000000000     0.0000000000000000
     0.0000000000000000     0.0000000000000000        0.1284970052326013     0.0000000000000000        0.0000000000000000     0.0000000000000000
     0.0000000000000000     0.0000000000000000        0.0000000000000000     0.0000000000000000        0.1284970052326013     0.0000000000000000
    3    4
    -0.0224508325617505    -0.0388859852865666        0.0000000000000000     0.0000000000000000        0.0000000000000000     0.0000000000000000
     0.0000000000000000     0.0000000000000000       -0.0212793310567360    -0.0368568850221605       -0.0000000000000000    -0.0000000000000000
     0.0000000000000000     0.0000000000000000       -0.0000000000000000    -0.0000000000000000        0.0031825904929443     0.0055124088045022
    3    5
    -0.0224508325617505    -0.0388859852865666        0.0000000000000000     0.0000000000000000        0.0000000000000000     0.0000000000000000
     0.0000000000000000     0.0000000000000000        0.0031825904929443     0.0055124088045022        0.0000000000000000     0.0000000000000000
     0.0000000000000000     0.0000000000000000        0.0000000000000000     0.0000000000000000       -0.0212793310567360    -0.0368568850221605
    4    1
    -0.0039760314699991     0.0068866889820703        0.0000000000000000     0.0000000000000000        0.0000000000000000     0.0000000000000000
     0.0000000000000000     0.0000000000000000       -0.0078959058044011     0.0136761109455317       -0.0000000000000000     0.0000000000000000
     0.0000000000000000     0.0000000000000000        0.0000000000000000     0.0000000000000000       -0.0037986054248805     0.0065793780366539
    4    2
    -0.0984395129030791     0.0000000000000000        0.0000000000000000     0.0000000000000000        0.0000000000000000     0.0000000000000000
     0.0000000000000000     0.0000000000000000        0.0373794001609967     0.0000000000000000        0.0000000000000000     0.0000000000000000
     0.0000000000000000     0.0000000000000000        0.0000000000000000     0.0000000000000000       -0.0242560459196654     0.0000000000000000
    4    3
    -0.0224508325617505     0.0388859852865666        0.0000000000000000     0.0000000000000000        0.0000000000000000     0.0000000000000000
     0.0000000000000000     0.0000000000000000       -0.0212793310567360     0.0368568850221605       -0.0000000000000000     0.0000000000000000
     0.0000000000000000     0.0000000000000000       -0.0000000000000000     0.0000000000000000        0.0031825904929443    -0.0055124088045022
    4    4
     0.1541422254698469     0.0000000000000000        0.0000000000000000     0.0000000000000000        0.0000000000000000     0.0000000000000000
     0.0000000000000000     0.0000000000000000        0.1658669109565030     0.0000000000000000        0.0000000000000000     0.0000000000000000
     0.0000000000000000     0.0000000000000000        0.0000000000000000     0.0000000000000000        0.1197806674510557     0.0000000000000000
    4    5
     0.0330595661454618     0.0000000000000000        0.0000000000000000     0.0000000000000000        0.0000000000000000     0.0000000000000000
     0.0000000000000000     0.0000000000000000       -0.0861398193208160     0.0000000000000000        0.0000000000000000     0.0000000000000000
     0.0000000000000000     0.0000000000000000        0.0000000000000000     0.0000000000000000       -0.0861398193208160     0.0000000000000000
    5    1
    -0.0039760314699991     0.0068866889820703        0.0000000000000000     0.0000000000000000        0.0000000000000000     0.0000000000000000
     0.0000000000000000     0.0000000000000000       -0.0037986054248805     0.0065793780366539        0.0000000000000000     0.0000000000000000
     0.0000000000000000     0.0000000000000000        0.0000000000000000    -0.0000000000000000       -0.0078959058044011     0.0136761109455317
    5    2
    -0.0984395129030791     0.0000000000000000        0.0000000000000000     0.0000000000000000        0.0000000000000000     0.0000000000000000
     0.0000000000000000     0.0000000000000000       -0.0242560459196654     0.0000000000000000        0.0000000000000000     0.0000000000000000
     0.0000000000000000     0.0000000000000000        0.0000000000000000     0.0000000000000000        0.0373794001609967     0.0000000000000000
    5    3
    -0.0224508325617505     0.0388859852865666        0.0000000000000000     0.0000000000000000        0.0000000000000000     0.0000000000000000
     0.0000000000000000     0.0000000000000000        0.0031825904929443    -0.0055124088045022        0.0000000000000000    -0.0000000000000000
     0.0000000000000000     0.0000000000000000        0.0000000000000000    -0.0000000000000000       -0.0212793310567360     0.0368568850221605
    5    4
     0.0330595661454618     0.0000000000000000        0.0000000000000000     0.0000000000000000        0.0000000000000000     0.0000000000000000
     0.0000000000000000     0.0000000000000000       -0.0861398193208160     0.0000000000000000        0.0000000000000000     0.0000000000000000
     0.0000000000000000     0.0000000000000000        0.0000000000000000     0.0000000000000000       -0.0861398193208160     0.0000000000000000
    5    5
     0.1541422254698469     0.0000000000000000        0.0000000000000000     0.0000000000000000        0.0000000000000000     0.0000000000000000
     0.0000000000000000     0.0000000000000000        0.1197806674510557     0.0000000000000000        0.0000000000000000     0.0000000000000000
     0.0000000000000000     0.0000000000000000        0.0000000000000000     0.0000000000000000        0.1658669109565030     0.0000000000000000

     Dynamical Matrix in cartesian axes

     q = (     0.000000000000     0.083316033904     0.000000000000 )

    1    1
     0.1320283592073035     0.0000000000000000        0.0000000000000000     0.0000000000000000        0.0000000000000000     0.0000000000000000
     0.0000000000000000     0.0000000000000000        0.2348481873907739     0.0000000000000000        0.0000000000000000     0.0000000000000000
     0.0000000000000000     0.0000000000000000        0.0000000000000000     0.0000000000000000        0.1320283592073035     0.0000000000000000
    1    2
    -0.0192794030120424     0.0333929078041111        0.0000000000000000     0.0000000000000000        0.0000000000000000     0.0000000000000000
     0.0000000000000000     0.0000000000000000       -0.0208352026694070     0.0360876320384451        0.0000000000000000     0.0000000000000000
    -0.0000000000000000     0.0000000000000000        0.0000000000000000     0.0000000000000000       -0.0192794030120424     0.0333929078041111
    1    3
    -0.0078959058044011     0.0136761109455317        0.0000000000000000     0.0000000000000000        0.0000000000000000     0.0000000000000000
     0.0000000000000000     0.0000000000000000       -0.0039760314699991     0.0068866889820703        0.0000000000000000     0.0000000000000000
     0.0000000000000000    -0.0000000000000000        0.0000000000000000     0.0000000000000000       -0.0037986054248805     0.0065793780366539
    1    4
    -0.0167820594608428     0.0000000000000000        0.0000000000000000     0.0000000000000000        0.0000000000000000     0.0000000000000000
     0.0000000000000000     0.0000000000000000       -0.0823654096647849     0.0000000000000000        0.0000000000000000     0.0000000000000000
     0.0000000000000000     0.0000000000000000        0.0000000000000000     0.0000000000000000       -0.0167820594608428     0.0000000000000000
    1    5
    -0.0037986054248805     0.0065793780366539        0.0000000000000000     0.0000000000000000       -0.0000000000000000     0.0000000000000000
     0.0000000000000000     0.0000000000000000       -0.0039760314699991     0.0068866889820703        0.0000000000000000     0.0000000000000000
     0.0000000000000000     0.0000000000000000        0.0000000000000000     0.0000000000000000       -0.0078959058044011     0.0136761109455317
    2    1
    -0.0192794030120424    -0.0333929078041111        0.0000000000000000     0.0000000000000000       -0.0000000000000000    -0.0000000000000000
     0.0000000000000000     0.0000000000000000       -0.0208352026694070    -0.0360876320384451        0.0000000000000000     0.0000000000000000
     0.0000000000000000     0.0000000000000000        0.0000000000000000     0.0000000000000000       -0.0192794030120424    -0.0333929078041111
    2    2
     0.0860575593903809     0.0000000000000000        0.0000000000000000     0.0000000000000000        0.0000000000000000     0.0000000000000000
     0.0000000000000000     0.0000000000000000        0.4390850341685485     0.0000000000000000        0.0000000000000000     0.0000000000000000
     0.0000000000000000     0.0000000000000000        0.0000000000000000     0.0000000000000000        0.0860575593903809     0.0000000000000000
    2    3
     0.0373794001609967     0.0000000000000000        0.0000000000000000     0.0000000000000000        0.0000000000000000     0.0000000000000000
     0.0000000000000000     0.0000000000000000       -0.0984395129030791     0.0000000000000000        0.0000000000000000     0.0000000000000000
     0.0000000000000000     0.0000000000000000        0.0000000000000000     0.0000000000000000       -0.0242560459196654     0.0000000000000000
    2    4
    -0.0070300800628221    -0.0121764566696752        0.0000000000000000     0.0000000000000000        0.0000000000000000     0.0000000000000000
     0.0000000000000000     0.0000000000000000        0.0079974847994663     0.0138520509378088        0.0000000000000000     0.0000000000000000
     0.0000000000000000    -0.0000000000000000        0.0000000000000000     0.0000000000000000       -0.0070300800628221    -0.0121764566696752
    2    5
    -0.0242560459196654     0.0000000000000000        0.0000000000000000     0.0000000000000000        0.0000000000000000     0.0000000000000000
     0.0000000000000000     0.0000000000000000       -0.0984395129030791     0.0000000000000000        0.0000000000000000     0.0000000000000000
     0.0000000000000000     0.0000000000000000        0.0000000000000000     0.0000000000000000        0.0373794001609967     0.0000000000000000
    3    1
    -0.0078959058044011    -0.0136761109455317        0.0000000000000000     0.0000000000000000        0.0000000000000000     0.0000000000000000
     0.0000000000000000     0.0000000000000000       -0.0039760314699991    -0.0068866889820703        0.0000000000000000     0.0000000000000000
     0.0000000000000000     0.0000000000000000        0.0000000000000000     0.0000000000000000       -0.0037986054248805    -0.0065793780366539
    3    2
     0.0373794001609967     0.0000000000000000        0.0000000000000000     0.0000000000000000        0.0000000000000000     0.0000000000000000
     0.0000000000000000     0.0000000000000000       -0.0984395129030791     0.0000000000000000        0.0000000000000000     0.0000000000000000
     0.0000000000000000     0.0000000000000000        0.0000000000000000     0.0000000000000000       -0.0242560459196654     0.0000000000000000
    3    3
     0.1658669109565030     0.0000000000000000        0.0000000000000000     0.0000000000000000        0.0000000000000000     0.0000000000000000
     0.0000000000000000     0.0000000000000000        0.1541422254698469     0.0000000000000000        0.0000000000000000     0.0000000000000000
     0.0000000000000000     0.0000000000000000        0.0000000000000000     0.0000000000000000        0.1197806674510557     0.0000000000000000
    3    4
    -0.0212793310567360    -0.0368568850221605        0.0000000000000000     0.0000000000000000        0.0000000000000000     0.0000000000000000
     0.0000000000000000     0.0000000000000000       -0.0224508325617505    -0.0388859852865666        0.0000000000000000     0.0000000000000000
     0.0000000000000000     0.0000000000000000        0.0000000000000000     0.0000000000000000        0.0031825904929443     0.0055124088045022
    3    5
    -0.0861398193208160     0.0000000000000000        0.0000000000000000     0.0000000000000000        0.0000000000000000     0.0000000000000000
     0.0000000000000000     0.0000000000000000        0.0330595661454618     0.0000000000000000        0.0000000000000000     0.0000000000000000
     0.0000000000000000     0.0000000000000000        0.0000000000000000     0.0000000000000000       -0.0861398193208160     0.0000000000000000
    4    1
    -0.0167820594608428     0.0000000000000000        0.0000000000000000     0.0000000000000000        0.0000000000000000     0.0000000000000000
     0.0000000000000000     0.0000000000000000       -0.0823654096647849     0.0000000000000000        0.0000000000000000     0.0000000000000000
     0.0000000000000000     0.0000000000000000        0.0000000000000000     0.0000000000000000       -0.0167820594608428     0.0000000000000000
    4    2
    -0.0070300800628221     0.0121764566696752        0.0000000000000000     0.0000000000000000        0.0000000000000000     0.0000000000000000
     0.0000000000000000     0.0000000000000000        0.0079974847994663    -0.0138520509378088        0.0000000000000000     0.0000000000000000
     0.0000000000000000    -0.0000000000000000        0.0000000000000000     0.0000000000000000       -0.0070300800628221     0.0121764566696752
    4    3
    -0.0212793310567360     0.0368568850221605        0.0000000000000000     0.0000000000000000        0.0000000000000000    -0.0000000000000000
     0.0000000000000000     0.0000000000000000       -0.0224508325617505     0.0388859852865666        0.0000000000000000     0.0000000000000000
     0.0000000000000000    -0.0000000000000000        0.0000000000000000     0.0000000000000000        0.0031825904929443    -0.0055124088045022
    4    4
     0.1284970052326013     0.0000000000000000        0.0000000000000000     0.0000000000000000        0.0000000000000000     0.0000000000000000
     0.0000000000000000     0.0000000000000000        0.3937385848983256     0.0000000000000000        0.0000000000000000     0.0000000000000000
     0.0000000000000000     0.0000000000000000        0.0000000000000000     0.0000000000000000        0.1284970052326013     0.0000000000000000
    4    5
     0.0031825904929443    -0.0055124088045022        0.0000000000000000     0.0000000000000000       -0.0000000000000000     0.0000000000000000
     0.0000000000000000     0.0000000000000000       -0.0224508325617505     0.0388859852865666        0.0000000000000000     0.0000000000000000
    -0.0000000000000000     0.0000000000000000        0.0000000000000000     0.0000000000000000       -0.0212793310567360     0.0368568850221605
    5    1
    -0.0037986054248805    -0.0065793780366539        0.0000000000000000     0.0000000000000000        0.0000000000000000     0.0000000000000000
     0.0000000000000000     0.0000000000000000       -0.0039760314699991    -0.0068866889820703        0.0000000000000000     0.0000000000000000
    -0.0000000000000000    -0.0000000000000000        0.0000000000000000     0.0000000000000000       -0.0078959058044011    -0.0136761109455317
    5    2
    -0.0242560459196654     0.0000000000000000        0.0000000000000000     0.0000000000000000        0.0000000000000000     0.0000000000000000
     0.0000000000000000     0.0000000000000000       -0.0984395129030791     0.0000000000000000        0.0000000000000000     0.0000000000000000
     0.0000000000000000     0.0000000000000000        0.0000000000000000     0.0000000000000000        0.0373794001609967     0.0000000000000000
    5    3
    -0.0861398193208160     0.0000000000000000        0.0000000000000000     0.0000000000000000        0.0000000000000000     0.0000000000000000
     0.0000000000000000     0.0000000000000000        0.0330595661454618     0.0000000000000000        0.0000000000000000     0.0000000000000000
     0.0000000000000000     0.0000000000000000        0.0000000000000000     0.0000000000000000       -0.0861398193208160     0.0000000000000000
    5    4
     0.0031825904929443     0.0055124088045022        0.0000000000000000     0.0000000000000000       -0.0000000000000000    -0.0000000000000000
     0.0000000000000000     0.0000000000000000       -0.0224508325617505    -0.0388859852865666        0.0000000000000000     0.0000000000000000
    -0.0000000000000000    -0.0000000000000000        0.0000000000000000     0.0000000000000000       -0.0212793310567360    -0.0368568850221605
    5    5
     0.1197806674510557     0.0000000000000000        0.0000000000000000     0.0000000000000000        0.0000000000000000     0.0000000000000000
     0.0000000000000000     0.0000000000000000        0.1541422254698469     0.0000000000000000        0.0000000000000000     0.0000000000000000
     0.0000000000000000     0.0000000000000000        0.0000000000000000     0.0000000000000000        0.1658669109565030     0.0000000000000000

     Dynamical Matrix in cartesian axes

     q = (     0.000000000000    -0.083316033904     0.000000000000 )

    1    1
     0.1320283592073035     0.0000000000000000        0.0000000000000000     0.0000000000000000        0.0000000000000000     0.0000000000000000
     0.0000000000000000     0.0000000000000000        0.2348481873907739     0.0000000000000000        0.0000000000000000     0.0000000000000000
     0.0000000000000000     0.0000000000000000        0.0000000000000000     0.0000000000000000        0.1320283592073035     0.0000000000000000
    1    2
    -0.0192794030120424    -0.0333929078041111        0.0000000000000000     0.0000000000000000        0.0000000000000000     0.0000000000000000
     0.0000000000000000     0.0000000000000000       -0.0208352026694070    -0.0360876320384451        0.0000000000000000     0.0000000000000000
    -0.0000000000000000    -0.0000000000000000        0.0000000000000000     0.0000000000000000       -0.0192794030120424    -0.0333929078041111
    1    3
    -0.0078959058044011    -0.0136761109455317        0.0000000000000000     0.0000000000000000        0.0000000000000000     0.0000000000000000
     0.0000000000000000     0.0000000000000000       -0.0039760314699991    -0.0068866889820703        0.0000000000000000     0.0000000000000000
     0.0000000000000000     0.0000000000000000        0.0000000000000000     0.0000000000000000       -0.0037986054248805    -0.0065793780366539
    1    4
    -0.0167820594608428     0.0000000000000000        0.0000000000000000     0.0000000000000000        0.0000000000000000     0.0000000000000000
     0.0000000000000000     0.0000000000000000       -0.0823654096647849     0.0000000000000000        0.0000000000000000     0.0000000000000000
     0.0000000000000000     0.0000000000000000        0.0000000000000000     0.0000000000000000       -0.0167820594608428     0.0000000000000000
    1    5
    -0.0037986054248805    -0.0065793780366539        0.0000000000000000     0.0000000000000000       -0.0000000000000000    -0.0000000000000000
     0.0000000000000000     0.0000000000000000       -0.0039760314699991    -0.0068866889820703        0.0000000000000000     0.0000000000000000
     0.0000000000000000     0.0000000000000000        0.0000000000000000     0.0000000000000000       -0.0078959058044011    -0.0136761109455317
    2    1
    -0.0192794030120424     0.0333929078041111        0.0000000000000000     0.0000000000000000       -0.0000000000000000     0.0000000000000000
     0.0000000000000000     0.0000000000000000       -0.0208352026694070     0.0360876320384451        0.0000000000000000     0.0000000000000000
     0.0000000000000000     0.0000000000000000        0.0000000000000000     0.0000000000000000       -0.0192794030120424     0.0333929078041111
    2    2
     0.0860575593903809     0.0000000000000000        0.0000000000000000     0.0000000000000000        0.0000000000000000     0.0000000000000000
     0.0000000000000000     0.0000000000000000        0.4390850341685485     0.0000000000000000        0.0000000000000000     0.0000000000000000
     0.0000000000000000     0.0000000000000000        0.0000000000000000     0.0000000000000000        0.0860575593903809     0.0000000000000000
    2    3
     0.0373794001609967     0.0000000000000000        0.0000000000000000     0.0000000000000000        0.0000000000000000     0.0000000000000000
     0.0000000000000000     0.0000000000000000       -0.0984395129030791     0.0000000000000000        0.0000000000000000     0.0000000000000000
     0.0000000000000000     0.0000000000000000        0.0000000000000000     0.0000000000000000       -0.0242560459196654     0.0000000000000000
    2    4
    -0.0070300800628221     0.0121764566696752        0.0000000000000000     0.0000000000000000        0.0000000000000000     0.0000000000000000
     0.0000000000000000     0.0000000000000000        0.0079974847994663    -0.0138520509378088        0.0000000000000000     0.0000000000000000
     0.0000000000000000    -0.0000000000000000        0.0000000000000000     0.0000000000000000       -0.0070300800628221     0.0121764566696752
    2    5
    -0.0242560459196654     0.0000000000000000        0.0000000000000000     0.0000000000000000        0.0000000000000000     0.0000000000000000
     0.0000000000000000     0.0000000000000000       -0.0984395129030791     0.0000000000000000        0.0000000000000000     0.0000000000000000
     0.0000000000000000     0.0000000000000000        0.0000000000000000     0.0000000000000000        0.0373794001609967     0.0000000000000000
    3    1
    -0.0078959058044011     0.0136761109455317        0.0000000000000000     0.0000000000000000        0.0000000000000000    -0.0000000000000000
     0.0000000000000000     0.0000000000000000       -0.0039760314699991     0.0068866889820703        0.0000000000000000     0.0000000000000000
     0.0000000000000000     0.0000000000000000        0.0000000000000000     0.0000000000000000       -0.0037986054248805     0.0065793780366539
    3    2
     0.0373794001609967     0.0000000000000000        0.0000000000000000     0.0000000000000000        0.0000000000000000     0.0000000000000000
     0.0000000000000000     0.0000000000000000       -0.0984395129030791     0.0000000000000000        0.0000000000000000     0.0000000000000000
     0.0000000000000000     0.0000000000000000        0.0000000000000000     0.0000000000000000       -0.0242560459196654     0.0000000000000000
    3    3
     0.1658669109565030     0.0000000000000000        0.0000000000000000     0.0000000000000000        0.0000000000000000     0.0000000000000000
     0.0000000000000000     0.0000000000000000        0.1541422254698469     0.0000000000000000        0.0000000000000000     0.0000000000000000
     0.0000000000000000     0.0000000000000000        0.0000000000000000     0.0000000000000000        0.1197806674510557     0.0000000000000000
    3    4
    -0.0212793310567360     0.0368568850221605        0.0000000000000000     0.0000000000000000        0.0000000000000000    -0.0000000000000000
     0.0000000000000000     0.0000000000000000       -0.0224508325617505     0.0388859852865666        0.0000000000000000     0.0000000000000000
     0.0000000000000000    -0.0000000000000000        0.0000000000000000     0.0000000000000000        0.0031825904929443    -0.0055124088045022
    3    5
    -0.0861398193208160     0.0000000000000000        0.0000000000000000     0.0000000000000000        0.0000000000000000     0.0000000000000000
     0.0000000000000000     0.0000000000000000        0.0330595661454618     0.0000000000000000        0.0000000000000000     0.0000000000000000
     0.0000000000000000     0.0000000000000000        0.0000000000000000     0.0000000000000000       -0.0861398193208160     0.0000000000000000
    4    1
    -0.0167820594608428     0.0000000000000000        0.0000000000000000     0.0000000000000000        0.0000000000000000     0.0000000000000000
     0.0000000000000000     0.0000000000000000       -0.0823654096647849     0.0000000000000000        0.0000000000000000     0.0000000000000000
     0.0000000000000000     0.0000000000000000        0.0000000000000000     0.0000000000000000       -0.0167820594608428     0.0000000000000000
    4    2
    -0.0070300800628221    -0.0121764566696752        0.0000000000000000     0.0000000000000000        0.0000000000000000     0.0000000000000000
     0.0000000000000000     0.0000000000000000        0.0079974847994663     0.0138520509378088        0.0000000000000000     0.0000000000000000
     0.0000000000000000    -0.0000000000000000        0.0000000000000000     0.0000000000000000       -0.0070300800628221    -0.0121764566696752
    4    3
    -0.0212793310567360    -0.0368568850221605        0.0000000000000000     0.0000000000000000        0.0000000000000000     0.0000000000000000
     0.0000000000000000     0.0000000000000000       -0.0224508325617505    -0.0388859852865666        0.0000000000000000     0.0000000000000000
     0.0000000000000000     0.0000000000000000        0.0000000000000000     0.0000000000000000        0.0031825904929443     0.0055124088045022
    4    4
     0.1284970052326013     0.0000000000000000        0.0000000000000000     0.0000000000000000        0.0000000000000000     0.0000000000000000
     0.0000000000000000     0.0000000000000000        0.3937385848983256     0.0000000000000000        0.0000000000000000     0.0000000000000000
     0.0000000000000000     0.0000000000000000        0.0000000000000000     0.0000000000000000        0.1284970052326013     0.0000000000000000
    4    5
     0.0031825904929443     0.0055124088045022        0.0000000000000000     0.0000000000000000       -0.0000000000000000    -0.0000000000000000
     0.0000000000000000     0.0000000000000000       -0.0224508325617505    -0.0388859852865666        0.0000000000000000     0.0000000000000000
    -0.0000000000000000    -0.0000000000000000        0.0000000000000000     0.0000000000000000       -0.0212793310567360    -0.0368568850221605
    5    1
    -0.0037986054248805     0.0065793780366539        0.0000000000000000     0.0000000000000000        0.0000000000000000     0.0000000000000000
     0.0000000000000000     0.0000000000000000       -0.0039760314699991     0.0068866889820703        0.0000000000000000     0.0000000000000000
    -0.0000000000000000     0.0000000000000000        0.0000000000000000     0.0000000000000000       -0.0078959058044011     0.0136761109455317
    5    2
    -0.0242560459196654     0.0000000000000000        0.0000000000000000     0.0000000000000000        0.0000000000000000     0.0000000000000000
     0.0000000000000000     0.0000000000000000       -0.0984395129030791     0.0000000000000000        0.0000000000000000     0.0000000000000000
     0.0000000000000000     0.0000000000000000        0.0000000000000000     0.0000000000000000        0.0373794001609967     0.0000000000000000
    5    3
    -0.0861398193208160     0.0000000000000000        0.0000000000000000     0.0000000000000000        0.0000000000000000     0.0000000000000000
     0.0000000000000000     0.0000000000000000        0.0330595661454618     0.0000000000000000        0.0000000000000000     0.0000000000000000
     0.0000000000000000     0.0000000000000000        0.0000000000000000     0.0000000000000000       -0.0861398193208160     0.0000000000000000
    5    4
     0.0031825904929443    -0.0055124088045022        0.0000000000000000     0.0000000000000000       -0.0000000000000000     0.0000000000000000
     0.0000000000000000     0.0000000000000000       -0.0224508325617505     0.0388859852865666        0.0000000000000000     0.0000000000000000
    -0.0000000000000000     0.0000000000000000        0.0000000000000000     0.0000000000000000       -0.0212793310567360     0.0368568850221605
    5    5
     0.1197806674510557     0.0000000000000000        0.0000000000000000     0.0000000000000000        0.0000000000000000     0.0000000000000000
     0.0000000000000000     0.0000000000000000        0.1541422254698469     0.0000000000000000        0.0000000000000000     0.0000000000000000
     0.0000000000000000     0.0000000000000000        0.0000000000000000     0.0000000000000000        0.1658669109565030     0.0000000000000000

     Dynamical Matrix in cartesian axes

     q = (     0.000000000000     0.000000000000     0.083316033904 )

    1    1
     0.1320283592073035     0.0000000000000000        0.0000000000000000     0.0000000000000000        0.0000000000000000     0.0000000000000000
     0.0000000000000000     0.0000000000000000        0.1320283592073035     0.0000000000000000        0.0000000000000000     0.0000000000000000
     0.0000000000000000     0.0000000000000000        0.0000000000000000     0.0000000000000000        0.2348481873907739     0.0000000000000000
    1    2
    -0.0192794030120424     0.0333929078041111       -0.0000000000000000     0.0000000000000000        0.0000000000000000     0.0000000000000000
     0.0000000000000000    -0.0000000000000000       -0.0192794030120424     0.0333929078041111        0.0000000000000000     0.0000000000000000
     0.0000000000000000     0.0000000000000000        0.0000000000000000     0.0000000000000000       -0.0208352026694070     0.0360876320384451
    1    3
    -0.0078959058044011     0.0136761109455317        0.0000000000000000     0.0000000000000000        0.0000000000000000     0.0000000000000000
    -0.0000000000000000     0.0000000000000000       -0.0037986054248805     0.0065793780366539        0.0000000000000000     0.0000000000000000
     0.0000000000000000     0.0000000000000000        0.0000000000000000     0.0000000000000000       -0.0039760314699991     0.0068866889820703
    1    4
    -0.0037986054248805     0.0065793780366539        0.0000000000000000    -0.0000000000000000        0.0000000000000000     0.0000000000000000
     0.0000000000000000     0.0000000000000000       -0.0078959058044011     0.0136761109455317        0.0000000000000000     0.0000000000000000
     0.0000000000000000     0.0000000000000000        0.0000000000000000     0.0000000000000000       -0.0039760314699991     0.0068866889820703
    1    5
    -0.0167820594608428     0.0000000000000000        0.0000000000000000     0.0000000000000000        0.0000000000000000     0.0000000000000000
     0.0000000000000000     0.0000000000000000       -0.0167820594608428     0.0000000000000000        0.0000000000000000     0.0000000000000000
     0.0000000000000000     0.0000000000000000        0.0000000000000000     0.0000000000000000       -0.0823654096647849     0.0000000000000000
    2    1
    -0.0192794030120424    -0.0333929078041111        0.0000000000000000     0.0000000000000000        0.0000000000000000     0.0000000000000000
    -0.0000000000000000     0.0000000000000000       -0.0192794030120424    -0.0333929078041111        0.0000000000000000     0.0000000000000000
     0.0000000000000000     0.0000000000000000        0.0000000000000000     0.0000000000000000       -0.0208352026694070    -0.0360876320384451
    2    2
     0.0860575593903809     0.0000000000000000        0.0000000000000000     0.0000000000000000        0.0000000000000000     0.0000000000000000
     0.0000000000000000     0.0000000000000000        0.0860575593903809     0.0000000000000000        0.0000000000000000     0.0000000000000000
     0.0000000000000000     0.0000000000000000        0.0000000000000000     0.0000000000000000        0.4390850341685485     0.0000000000000000
    2    3
     0.0373794001609967     0.0000000000000000        0.0000000000000000     0.0000000000000000        0.0000000000000000     0.0000000000000000
     0.0000000000000000     0.0000000000000000       -0.0242560459196654     0.0000000000000000        0.0000000000000000     0.0000000000000000
     0.0000000000000000     0.0000000000000000        0.0000000000000000     0.0000000000000000       -0.0984395129030791     0.0000000000000000
    2    4
    -0.0242560459196654     0.0000000000000000        0.0000000000000000     0.0000000000000000        0.0000000000000000     0.0000000000000000
     0.0000000000000000     0.0000000000000000        0.0373794001609967     0.0000000000000000        0.0000000000000000     0.0000000000000000
     0.0000000000000000     0.0000000000000000        0.0000000000000000     0.0000000000000000       -0.0984395129030791     0.0000000000000000
    2    5
    -0.0070300800628221    -0.0121764566696752       -0.0000000000000000    -0.0000000000000000        0.0000000000000000     0.0000000000000000
     0.0000000000000000     0.0000000000000000       -0.0070300800628221    -0.0121764566696752        0.0000000000000000     0.0000000000000000
     0.0000000000000000     0.0000000000000000        0.0000000000000000     0.0000000000000000        0.0079974847994663     0.0138520509378088
    3    1
    -0.0078959058044011    -0.0136761109455317       -0.0000000000000000    -0.0000000000000000        0.0000000000000000     0.0000000000000000
     0.0000000000000000     0.0000000000000000       -0.0037986054248805    -0.0065793780366539        0.0000000000000000     0.0000000000000000
     0.0000000000000000     0.0000000000000000        0.0000000000000000     0.0000000000000000       -0.0039760314699991    -0.0068866889820703
    3    2
     0.0373794001609967     0.0000000000000000        0.0000000000000000     0.0000000000000000        0.0000000000000000     0.0000000000000000
     0.0000000000000000     0.0000000000000000       -0.0242560459196654     0.0000000000000000        0.0000000000000000     0.0000000000000000
     0.0000000000000000     0.0000000000000000        0.0000000000000000     0.0000000000000000       -0.0984395129030791     0.0000000000000000
    3    3
     0.1658669109565030     0.0000000000000000        0.0000000000000000     0.0000000000000000        0.0000000000000000     0.0000000000000000
     0.0000000000000000     0.0000000000000000        0.1197806674510557     0.0000000000000000        0.0000000000000000     0.0000000000000000
     0.0000000000000000     0.0000000000000000        0.0000000000000000     0.0000000000000000        0.1541422254698469     0.0000000000000000
    3    4
    -0.0861398193208160     0.0000000000000000        0.0000000000000000     0.0000000000000000        0.0000000000000000     0.0000000000000000
     0.0000000000000000     0.0000000000000000       -0.0861398193208160     0.0000000000000000        0.0000000000000000     0.0000000000000000
     0.0000000000000000     0.0000000000000000        0.0000000000000000     0.0000000000000000        0.0330595661454618     0.0000000000000000
    3    5
    -0.0212793310567360    -0.0368568850221605       -0.0000000000000000    -0.0000000000000000        0.0000000000000000     0.0000000000000000
    -0.0000000000000000    -0.0000000000000000        0.0031825904929443     0.0055124088045022        0.0000000000000000     0.0000000000000000
     0.0000000000000000     0.0000000000000000        0.0000000000000000     0.0000000000000000       -0.0224508325617505    -0.0388859852865666
    4    1
    -0.0037986054248805    -0.0065793780366539        0.0000000000000000     0.0000000000000000        0.0000000000000000     0.0000000000000000
     0.0000000000000000     0.0000000000000000       -0.0078959058044011    -0.0136761109455317        0.0000000000000000     0.0000000000000000
     0.0000000000000000     0.0000000000000000        0.0000000000000000     0.0000000000000000       -0.0039760314699991    -0.0068866889820703
    4    2
    -0.0242560459196654     0.0000000000000000        0.0000000000000000     0.0000000000000000        0.0000000000000000     0.0000000000000000
     0.0000000000000000     0.0000000000000000        0.0373794001609967     0.0000000000000000        0.0000000000000000     0.0000000000000000
     0.0000000000000000     0.0000000000000000        0.0000000000000000     0.0000000000000000       -0.0984395129030791     0.0000000000000000
    4    3
    -0.0861398193208160     0.0000000000000000        0.0000000000000000     0.0000000000000000        0.0000000000000000     0.0000000000000000
     0.0000000000000000     0.0000000000000000       -0.0861398193208160     0.0000000000000000        0.0000000000000000     0.0000000000000000
     0.0000000000000000     0.0000000000000000        0.0000000000000000     0.0000000000000000        0.0330595661454618     0.0000000000000000
    4    4
     0.1197806674510557     0.0000000000000000        0.0000000000000000     0.0000000000000000        0.0000000000000000     0.0000000000000000
     0.0000000000000000     0.0000000000000000        0.1658669109565030     0.0000000000000000        0.0000000000000000     0.0000000000000000
     0.0000000000000000     0.0000000000000000        0.0000000000000000     0.0000000000000000        0.1541422254698469     0.0000000000000000
    4    5
     0.0031825904929443     0.0055124088045022        0.0000000000000000     0.0000000000000000        0.0000000000000000     0.0000000000000000
     0.0000000000000000     0.0000000000000000       -0.0212793310567360    -0.0368568850221605        0.0000000000000000     0.0000000000000000
     0.0000000000000000     0.0000000000000000        0.0000000000000000     0.0000000000000000       -0.0224508325617505    -0.0388859852865666
    5    1
    -0.0167820594608428     0.0000000000000000        0.0000000000000000     0.0000000000000000        0.0000000000000000     0.0000000000000000
     0.0000000000000000     0.0000000000000000       -0.0167820594608428     0.0000000000000000        0.0000000000000000     0.0000000000000000
     0.0000000000000000     0.0000000000000000        0.0000000000000000     0.0000000000000000       -0.0823654096647849     0.0000000000000000
    5    2
    -0.0070300800628221     0.0121764566696752        0.0000000000000000    -0.0000000000000000        0.0000000000000000     0.0000000000000000
    -0.0000000000000000     0.0000000000000000       -0.0070300800628221     0.0121764566696752        0.0000000000000000     0.0000000000000000
     0.0000000000000000     0.0000000000000000        0.0000000000000000     0.0000000000000000        0.0079974847994663    -0.0138520509378088
    5    3
    -0.0212793310567360     0.0368568850221605       -0.0000000000000000     0.0000000000000000        0.0000000000000000     0.0000000000000000
    -0.0000000000000000     0.0000000000000000        0.0031825904929443    -0.0055124088045022        0.0000000000000000     0.0000000000000000
     0.0000000000000000     0.0000000000000000        0.0000000000000000     0.0000000000000000       -0.0224508325617505     0.0388859852865666
    5    4
     0.0031825904929443    -0.0055124088045022        0.0000000000000000    -0.0000000000000000        0.0000000000000000     0.0000000000000000
     0.0000000000000000    -0.0000000000000000       -0.0212793310567360     0.0368568850221605        0.0000000000000000     0.0000000000000000
     0.0000000000000000     0.0000000000000000        0.0000000000000000     0.0000000000000000       -0.0224508325617505     0.0388859852865666
    5    5
     0.1284970052326013     0.0000000000000000        0.0000000000000000     0.0000000000000000        0.0000000000000000     0.0000000000000000
     0.0000000000000000     0.0000000000000000        0.1284970052326013     0.0000000000000000        0.0000000000000000     0.0000000000000000
     0.0000000000000000     0.0000000000000000        0.0000000000000000     0.0000000000000000        0.3937385848983256     0.0000000000000000

     Dynamical Matrix in cartesian axes

     q = (     0.000000000000     0.000000000000    -0.083316033904 )

    1    1
     0.1320283592073035     0.0000000000000000        0.0000000000000000     0.0000000000000000        0.0000000000000000     0.0000000000000000
     0.0000000000000000     0.0000000000000000        0.1320283592073035     0.0000000000000000        0.0000000000000000     0.0000000000000000
     0.0000000000000000     0.0000000000000000        0.0000000000000000     0.0000000000000000        0.2348481873907739     0.0000000000000000
    1    2
    -0.0192794030120424    -0.0333929078041111       -0.0000000000000000     0.0000000000000000        0.0000000000000000     0.0000000000000000
     0.0000000000000000     0.0000000000000000       -0.0192794030120424    -0.0333929078041111        0.0000000000000000     0.0000000000000000
     0.0000000000000000     0.0000000000000000        0.0000000000000000     0.0000000000000000       -0.0208352026694070    -0.0360876320384451
    1    3
    -0.0078959058044011    -0.0136761109455317        0.0000000000000000     0.0000000000000000        0.0000000000000000     0.0000000000000000
    -0.0000000000000000    -0.0000000000000000       -0.0037986054248805    -0.0065793780366539        0.0000000000000000     0.0000000000000000
     0.0000000000000000     0.0000000000000000        0.0000000000000000     0.0000000000000000       -0.0039760314699991    -0.0068866889820703
    1    4
    -0.0037986054248805    -0.0065793780366539        0.0000000000000000     0.0000000000000000        0.0000000000000000     0.0000000000000000
     0.0000000000000000     0.0000000000000000       -0.0078959058044011    -0.0136761109455317        0.0000000000000000     0.0000000000000000
     0.0000000000000000     0.0000000000000000        0.0000000000000000     0.0000000000000000       -0.0039760314699991    -0.0068866889820703
    1    5
    -0.0167820594608428     0.0000000000000000        0.0000000000000000     0.0000000000000000        0.0000000000000000     0.0000000000000000
     0.0000000000000000     0.0000000000000000       -0.0167820594608428     0.0000000000000000        0.0000000000000000     0.0000000000000000
     0.0000000000000000     0.0000000000000000        0.0000000000000000     0.0000000000000000       -0.0823654096647849     0.0000000000000000
    2    1
    -0.0192794030120424     0.0333929078041111        0.0000000000000000    -0.0000000000000000        0.0000000000000000     0.0000000000000000
    -0.0000000000000000     0.0000000000000000       -0.0192794030120424     0.0333929078041111        0.0000000000000000     0.0000000000000000
     0.0000000000000000     0.0000000000000000        0.0000000000000000     0.0000000000000000       -0.0208352026694070     0.0360876320384451
    2    2
     0.0860575593903809     0.0000000000000000        0.0000000000000000     0.0000000000000000        0.0000000000000000     0.0000000000000000
     0.0000000000000000     0.0000000000000000        0.0860575593903809     0.0000000000000000        0.0000000000000000     0.0000000000000000
     0.0000000000000000     0.0000000000000000        0.0000000000000000     0.0000000000000000        0.4390850341685485     0.0000000000000000
    2    3
     0.0373794001609967     0.0000000000000000        0.0000000000000000     0.0000000000000000        0.0000000000000000     0.0000000000000000
     0.0000000000000000     0.0000000000000000       -0.0242560459196654     0.0000000000000000        0.0000000000000000     0.0000000000000000
     0.0000000000000000     0.0000000000000000        0.0000000000000000     0.0000000000000000       -0.0984395129030791     0.0000000000000000
    2    4
    -0.0242560459196654     0.0000000000000000        0.0000000000000000     0.0000000000000000        0.0000000000000000     0.0000000000000000
     0.0000000000000000     0.0000000000000000        0.0373794001609967     0.0000000000000000        0.0000000000000000     0.0000000000000000
     0.0000000000000000     0.0000000000000000        0.0000000000000000     0.0000000000000000       -0.0984395129030791     0.0000000000000000
    2    5
    -0.0070300800628221     0.0121764566696752       -0.0000000000000000    -0.0000000000000000        0.0000000000000000     0.0000000000000000
    -0.0000000000000000     0.0000000000000000       -0.0070300800628221     0.0121764566696752        0.0000000000000000     0.0000000000000000
     0.0000000000000000     0.0000000000000000        0.0000000000000000     0.0000000000000000        0.0079974847994663    -0.0138520509378088
    3    1
    -0.0078959058044011     0.0136761109455317       -0.0000000000000000     0.0000000000000000        0.0000000000000000     0.0000000000000000
     0.0000000000000000     0.0000000000000000       -0.0037986054248805     0.0065793780366539        0.0000000000000000     0.0000000000000000
     0.0000000000000000     0.0000000000000000        0.0000000000000000     0.0000000000000000       -0.0039760314699991     0.0068866889820703
    3    2
     0.0373794001609967     0.0000000000000000        0.0000000000000000     0.0000000000000000        0.0000000000000000     0.0000000000000000
     0.0000000000000000     0.0000000000000000       -0.0242560459196654     0.0000000000000000        0.0000000000000000     0.0000000000000000
     0.0000000000000000     0.0000000000000000        0.0000000000000000     0.0000000000000000       -0.0984395129030791     0.0000000000000000
    3    3
     0.1658669109565030     0.0000000000000000        0.0000000000000000     0.0000000000000000        0.0000000000000000     0.0000000000000000
     0.0000000000000000     0.0000000000000000        0.1197806674510557     0.0000000000000000        0.0000000000000000     0.0000000000000000
     0.0000000000000000     0.0000000000000000        0.0000000000000000     0.0000000000000000        0.1541422254698469     0.0000000000000000
    3    4
    -0.0861398193208160     0.0000000000000000        0.0000000000000000     0.0000000000000000        0.0000000000000000     0.0000000000000000
     0.0000000000000000     0.0000000000000000       -0.0861398193208160     0.0000000000000000        0.0000000000000000     0.0000000000000000
     0.0000000000000000     0.0000000000000000        0.0000000000000000     0.0000000000000000        0.0330595661454618     0.0000000000000000
    3    5
    -0.0212793310567360     0.0368568850221605       -0.0000000000000000     0.0000000000000000        0.0000000000000000     0.0000000000000000
    -0.0000000000000000     0.0000000000000000        0.0031825904929443    -0.0055124088045022        0.0000000000000000     0.0000000000000000
     0.0000000000000000     0.0000000000000000        0.0000000000000000     0.0000000000000000       -0.0224508325617505     0.0388859852865666
    4    1
    -0.0037986054248805     0.0065793780366539        0.0000000000000000     0.0000000000000000        0.0000000000000000     0.0000000000000000
     0.0000000000000000    -0.0000000000000000       -0.0078959058044011     0.0136761109455317        0.0000000000000000     0.0000000000000000
     0.0000000000000000     0.0000000000000000        0.0000000000000000     0.0000000000000000       -0.0039760314699991     0.0068866889820703
    4    2
    -0.0242560459196654     0.0000000000000000        0.0000000000000000     0.0000000000000000        0.0000000000000000     0.0000000000000000
     0.0000000000000000     0.0000000000000000        0.0373794001609967     0.0000000000000000        0.0000000000000000     0.0000000000000000
     0.0000000000000000     0.0000000000000000        0.0000000000000000     0.0000000000000000       -0.0984395129030791     0.0000000000000000
    4    3
    -0.0861398193208160     0.0000000000000000        0.0000000000000000     0.0000000000000000        0.0000000000000000     0.0000000000000000
     0.0000000000000000     0.0000000000000000       -0.0861398193208160     0.0000000000000000        0.0000000000000000     0.0000000000000000
     0.0000000000000000     0.0000000000000000        0.0000000000000000     0.0000000000000000        0.0330595661454618     0.0000000000000000
    4    4
     0.1197806674510557     0.0000000000000000        0.0000000000000000     0.0000000000000000        0.0000000000000000     0.0000000000000000
     0.0000000000000000     0.0000000000000000        0.1658669109565030     0.0000000000000000        0.0000000000000000     0.0000000000000000
     0.0000000000000000     0.0000000000000000        0.0000000000000000     0.0000000000000000        0.1541422254698469     0.0000000000000000
    4    5
     0.0031825904929443    -0.0055124088045022        0.0000000000000000    -0.0000000000000000        0.0000000000000000     0.0000000000000000
     0.0000000000000000    -0.0000000000000000       -0.0212793310567360     0.0368568850221605        0.0000000000000000     0.0000000000000000
     0.0000000000000000     0.0000000000000000        0.0000000000000000     0.0000000000000000       -0.0224508325617505     0.0388859852865666
    5    1
    -0.0167820594608428     0.0000000000000000        0.0000000000000000     0.0000000000000000        0.0000000000000000     0.0000000000000000
     0.0000000000000000     0.0000000000000000       -0.0167820594608428     0.0000000000000000        0.0000000000000000     0.0000000000000000
     0.0000000000000000     0.0000000000000000        0.0000000000000000     0.0000000000000000       -0.0823654096647849     0.0000000000000000
    5    2
    -0.0070300800628221    -0.0121764566696752       -0.0000000000000000     0.0000000000000000        0.0000000000000000     0.0000000000000000
    -0.0000000000000000     0.0000000000000000       -0.0070300800628221    -0.0121764566696752        0.0000000000000000     0.0000000000000000
     0.0000000000000000     0.0000000000000000        0.0000000000000000     0.0000000000000000        0.0079974847994663     0.0138520509378088
    5    3
    -0.0212793310567360    -0.0368568850221605       -0.0000000000000000    -0.0000000000000000        0.0000000000000000     0.0000000000000000
    -0.0000000000000000    -0.0000000000000000        0.0031825904929443     0.0055124088045022        0.0000000000000000     0.0000000000000000
     0.0000000000000000     0.0000000000000000        0.0000000000000000     0.0000000000000000       -0.0224508325617505    -0.0388859852865666
    5    4
     0.0031825904929443     0.0055124088045022        0.0000000000000000     0.0000000000000000        0.0000000000000000     0.0000000000000000
     0.0000000000000000     0.0000000000000000       -0.0212793310567360    -0.0368568850221605        0.0000000000000000     0.0000000000000000
     0.0000000000000000     0.0000000000000000        0.0000000000000000     0.0000000000000000       -0.0224508325617505    -0.0388859852865666
    5    5
     0.1284970052326013     0.0000000000000000        0.0000000000000000     0.0000000000000000        0.0000000000000000     0.0000000000000000
     0.0000000000000000     0.0000000000000000        0.1284970052326013     0.0000000000000000        0.0000000000000000     0.0000000000000000
     0.0000000000000000     0.0000000000000000        0.0000000000000000     0.0000000000000000        0.3937385848983256     0.0000000000000000

     Diagonalizing the dynamical matrix

     q = (     0.083316033904     0.000000000000     0.000000000000 )

***************************************************************************
   freq (    1) =     2.78320985 [THz] =    92.83787420 [cm-1]
(   0.000000  0.000000   0.446918  0.290197  -0.463950  0.290197 )
(   0.000000  0.000000  -0.022648  0.432610  -0.100417  0.432610 )
(   0.000000  0.000000   0.130172  0.084524  -0.135132  0.084524 )
(  -0.000000  0.000000  -0.005681  0.108523  -0.048608  0.108523 )
(   0.000000  0.000000  -0.010963  0.209410  -0.025190  0.209410 )
   freq (    2) =     2.78320985 [THz] =    92.83787420 [cm-1]
(   0.000000  0.000000  -0.451385 -0.164877  -0.532486 -0.164877 )
(   0.000000  0.000000  -0.067398 -0.384814  -0.202210 -0.384814 )
(  -0.000000 -0.000000  -0.131472 -0.048023  -0.155094 -0.048023 )
(   0.000000 -0.000000  -0.016907 -0.096533  -0.097882 -0.096533 )
(  -0.000000  0.000000  -0.032625 -0.186274  -0.050726 -0.186274 )
   freq (    3) =     4.13263333 [THz] =   137.84979000 [cm-1]
(   0.882676  0.000000   0.000000  0.000000   0.000000  0.000000 )
(   0.107967  0.187005   0.000000  0.000000   0.000000  0.000000 )
(   0.244716 -0.000000   0.000000  0.000000   0.000000  0.000000 )
(   0.119567  0.207096  -0.000000 -0.000000   0.000000 -0.000000 )
(   0.119567  0.207096   0.000000  0.000000  -0.000000  0.000000 )
   freq (    4) =     4.59864390 [THz] =   153.39422717 [cm-1]
(   0.000000  0.000000   0.200456  0.026619   0.120271  0.026619 )
(  -0.000000 -0.000000  -0.291538 -0.706067  -0.207888 -0.706067 )
(   0.000000  0.000000   0.053362  0.007086   0.032016  0.007086 )
(  -0.000000 -0.000000   0.120296  0.291342   0.029263  0.291342 )
(   0.000000 -0.000000   0.041038  0.099389   0.085780  0.099389 )
   freq (    5) =     4.59864390 [THz] =   153.39422717 [cm-1]
(  -0.000000  0.000000   0.117693  0.025459  -0.200510  0.025459 )
(   0.000000  0.000000  -0.139011 -0.433119   0.292980 -0.433119 )
(  -0.000000 -0.000000   0.031330  0.006777  -0.053376  0.006777 )
(   0.000000 -0.000000   0.057359  0.178716  -0.041241  0.178716 )
(  -0.000000  0.000000   0.019568  0.060968  -0.120891  0.060968 )
   freq (    6) =     6.05382230 [THz] =   201.93374679 [cm-1]
(   0.000000  0.000000   0.074322  0.016071   0.007828  0.016071 )
(  -0.000000 -0.000000  -0.020446 -0.063688  -0.003470 -0.063688 )
(   0.000000  0.000000  -0.257722 -0.055727  -0.027144 -0.055727 )
(  -0.000000  0.000000  -0.185849 -0.578893  -0.038126 -0.578893 )
(   0.000000 -0.000000  -0.224640 -0.699722  -0.031543 -0.699722 )
   freq (    7) =     6.05382230 [THz] =   201.93374679 [cm-1]
(  -0.000000  0.000000   0.007430  0.002462  -0.075641  0.002462 )
(   0.000000  0.000000  -0.001392 -0.006744   0.027343 -0.006744 )
(   0.000000 -0.000000  -0.025766 -0.008539   0.262295 -0.008539 )
(  -0.000000  0.000000  -0.012654 -0.061296   0.300412 -0.061296 )
(   0.000000  0.000000  -0.015295 -0.074090   0.248536 -0.074090 )
   freq (    8) =     7.84626458 [THz] =   261.72317716 [cm-1]
(  -0.088070  0.000000   0.000000  0.000000   0.000000  0.000000 )
(   0.282059  0.488541  -0.000000 -0.000000  -0.000000 -0.000000 )
(   0.113752 -0.000000   0.000000 -0.000000   0.000000 -0.000000 )
(   0.287462  0.497899   0.000000 -0.000000  -0.000000 -0.000000 )
(   0.287462  0.497899  -0.000000 -0.000000  -0.000000 -0.000000 )
   freq (    9) =     9.47992214 [THz] =   316.21611977 [cm-1]
(  -0.000000  0.000000  -0.000000  0.000000   0.000000  0.000000 )
(  -0.000000 -0.000000   0.000000  0.000000  -0.000000  0.000000 )
(   0.000000  0.000000   0.000000 -0.000000  -0.000000 -0.000000 )
(   0.075330 -0.703083   0.000000  0.000000   0.000000  0.000000 )
(  -0.075330  0.703083  -0.000000 -0.000000  -0.000000 -0.000000 )
   freq (   10) =     9.52315577 [THz] =   317.65823827 [cm-1]
(  -0.000000  0.000000   0.014292  0.003187   0.001808  0.003187 )
(   0.000000  0.000000  -0.000618 -0.001969  -0.000122 -0.001969 )
(   0.000000  0.000000  -0.881815 -0.196609  -0.111554 -0.196609 )
(   0.000000 -0.000000  -0.023586 -0.075121   0.023744 -0.075121 )
(  -0.000000  0.000000   0.120681  0.384367  -0.004641  0.384367 )
   freq (   11) =     9.52315577 [THz] =   317.65823827 [cm-1]
(  -0.000000  0.000000  -0.001753 -0.000446   0.014620 -0.000446 )
(   0.000000  0.000000   0.000069  0.000245  -0.000930  0.000245 )
(   0.000000  0.000000   0.108147  0.027516  -0.902053  0.027516 )
(  -0.000000  0.000000   0.002636  0.009361   0.181609  0.009361 )
(   0.000000 -0.000000  -0.013486 -0.047898  -0.035494 -0.047898 )
   freq (   12) =    13.11540171 [THz] =   437.48264783 [cm-1]
(   0.012068  0.000000   0.000000 -0.000000  -0.000000 -0.000000 )
(   0.214344  0.371254  -0.000000 -0.000000  -0.000000 -0.000000 )
(  -0.360859 -0.000000  -0.000000 -0.000000  -0.000000 -0.000000 )
(  -0.292802 -0.507147  -0.000000  0.000000  -0.000000  0.000000 )
(  -0.292802 -0.507147   0.000000 -0.000000   0.000000 -0.000000 )
   freq (   13) =    13.56152729 [THz] =   452.36379314 [cm-1]
(  -0.000000  0.000000  -0.000958 -0.002094   0.001063 -0.002094 )
(  -0.000000  0.000000  -0.034324  0.048272   0.011087  0.048272 )
(  -0.000000 -0.000000  -0.108208 -0.236515   0.120030 -0.236515 )
(  -0.000000 -0.000000  -0.372146  0.523363  -0.085382  0.523363 )
(   0.000000  0.000000   0.264336 -0.371746   0.120205 -0.371746 )
   freq (   14) =    13.56152729 [THz] =   452.36379314 [cm-1]
(  -0.000000  0.000000  -0.000810 -0.001307  -0.001788 -0.001307 )
(  -0.000000 -0.000000  -0.018695  0.034852  -0.009341  0.034852 )
(   0.000000 -0.000000  -0.091492 -0.147616  -0.201919 -0.147616 )
(   0.000000  0.000000  -0.202693  0.377872   0.071937  0.377872 )
(  -0.000000 -0.000000   0.143973 -0.268404  -0.101276 -0.268404 )
   freq (   15) =    17.59993905 [THz] =   587.07069060 [cm-1]
(   0.023239  0.000000   0.000000  0.000000   0.000000  0.000000 )
(  -0.036167 -0.062643   0.000000  0.000000  -0.000000  0.000000 )
(  -0.949449 -0.000000   0.000000  0.000000  -0.000000  0.000000 )
(   0.107689  0.186522   0.000000  0.000000   0.000000  0.000000 )
(   0.107689  0.186522   0.000000  0.000000  -0.000000  0.000000 )
***************************************************************************
