Dynamical matrix file
File generated with the CellConstructor by Lorenzo Monacelli
3 5 0     1.8897259890000000     0.0000000000000000     0.0000000000000000     0.0000000000000000     0.0000000000000000     0.0000000000000000
Basis vectors
    4.0008305450633186     0.0000000000000000     0.0000000000000000
    0.0000000000000000     4.0008305450633186     0.0000000000000000
    0.0000000000000000     0.0000000000000000     4.0008305450633186
	1  'Ba '  125165.9077335107867839
	2  'Ti '  43628.1030349454958923
	3  'O '  14582.1969301625977096
    1     1     0.0000000000000000     0.0000000000000000     0.0000000000000000
    2     2     2.0004152725316593     2.0004152725316593     2.0004152725316593
    3     3     0.0000000000000000     2.0004152725316593     2.0004152725316593
    4     3     2.0004152725316593     0.0000000000000000     2.0004152725316593
    5     3     2.0004152725316593     2.0004152725316593     0.0000000000000000

     Dynamical Matrix in cartesian axes

     q = (     0.083316033904     0.083316033904    -0.083316033904 )

    1    1
     0.1825308507242882     0.0000000000000000        0.0058630961127761     0.0000000000000000       -0.0058630961127761     0.0000000000000000
     0.0058630961127761     0.0000000000000000        0.1825308507242882     0.0000000000000000       -0.0058630961127761     0.0000000000000000
    -0.0058630961127761     0.0000000000000000       -0.0058630961127761     0.0000000000000000        0.1825308507242882     0.0000000000000000
    1    2
    -0.0055990789465170     0.0096978898637161        0.0343877434401508    -0.0595613228050225       -0.0343877434401508     0.0595613228050225
     0.0343877434401508    -0.0595613228050225       -0.0055990789465170     0.0096978898637161       -0.0343877434401508     0.0595613228050225
    -0.0343877434401508     0.0595613228050225       -0.0343877434401508     0.0595613228050225       -0.0055990789465170     0.0096978898637161
    1    3
    -0.0202006237726665     0.0000000000000000       -0.0040531021212072     0.0000000000000000        0.0040531021212072     0.0000000000000000
    -0.0086375797033325    -0.0000000000000000       -0.0040384921667805     0.0000000000000000        0.0009017256948853    -0.0000000000000000
     0.0086375797033325     0.0000000000000000        0.0009017256948853    -0.0000000000000000       -0.0040384921667805     0.0000000000000000
    1    4
    -0.0040384921667805     0.0000000000000000       -0.0086375797033325    -0.0000000000000000        0.0009017256948853    -0.0000000000000000
    -0.0040531021212072     0.0000000000000000       -0.0202006237726665     0.0000000000000000        0.0040531021212072     0.0000000000000000
     0.0009017256948853    -0.0000000000000000        0.0086375797033325     0.0000000000000000       -0.0040384921667805     0.0000000000000000
    1    5
     0.0020192462872617     0.0034974366917111        0.0004508628929636     0.0007809173327343       -0.0043187902877091    -0.0074803631985493
     0.0004508628929636     0.0007809173327343        0.0020192462872617     0.0034974366917111       -0.0043187902877091    -0.0074803631985493
    -0.0020265512652126    -0.0035100892829670       -0.0020265512652126    -0.0035100892829670        0.0101003129061024     0.0174942527706569
    2    1
    -0.0055990789465170    -0.0096978898637161        0.0343877434401508     0.0595613228050225       -0.0343877434401508    -0.0595613228050225
     0.0343877434401508     0.0595613228050225       -0.0055990789465170    -0.0096978898637161       -0.0343877434401508    -0.0595613228050225
    -0.0343877434401508    -0.0595613228050225       -0.0343877434401508    -0.0595613228050225       -0.0055990789465170    -0.0096978898637161
    2    2
     0.4238858648304350     0.0000000000000000        0.0022209625903852     0.0000000000000000       -0.0022209625903852     0.0000000000000000
     0.0022209625903852     0.0000000000000000        0.4238858648304350     0.0000000000000000       -0.0022209625903852     0.0000000000000000
    -0.0022209625903852     0.0000000000000000       -0.0022209625903852     0.0000000000000000        0.4238858648304350     0.0000000000000000
    2    3
     0.0076376772977321     0.0132288460219133       -0.0007677475450415    -0.0013297778449047        0.0007677475450415     0.0013297778449047
    -0.0104247993965805    -0.0180562834289488       -0.0225349794964279    -0.0390317320625393        0.0007518079375822     0.0013021696330741
     0.0104247993965805     0.0180562834289488        0.0007518079375822     0.0013021696330741       -0.0225349794964279    -0.0390317320625393
    2    4
    -0.0225349794964279    -0.0390317320625393       -0.0104247993965805    -0.0180562834289488        0.0007518079375822     0.0013021696330741
    -0.0007677475450415    -0.0013297778449047        0.0076376772977321     0.0132288460219133        0.0007677475450415     0.0013297778449047
     0.0007518079375822     0.0013021696330741        0.0104247993965805     0.0180562834289488       -0.0225349794964279    -0.0390317320625393
    2    5
    -0.0225349794964279     0.0390317320625393       -0.0007518079375822     0.0013021696330741        0.0104247993965805    -0.0180562834289488
    -0.0007518079375822     0.0013021696330741       -0.0225349794964279     0.0390317320625393        0.0104247993965805    -0.0180562834289488
     0.0007677475450415    -0.0013297778449047        0.0007677475450415    -0.0013297778449047        0.0076376772977321    -0.0132288460219133
    3    1
    -0.0202006237726665     0.0000000000000000       -0.0086375797033325     0.0000000000000000        0.0086375797033325    -0.0000000000000000
    -0.0040531021212072     0.0000000000000000       -0.0040384921667805     0.0000000000000000        0.0009017256948853     0.0000000000000000
     0.0040531021212072     0.0000000000000000        0.0009017256948853     0.0000000000000000       -0.0040384921667805     0.0000000000000000
    3    2
     0.0076376772977321    -0.0132288460219133       -0.0104247993965805     0.0180562834289488        0.0104247993965805    -0.0180562834289488
    -0.0007677475450415     0.0013297778449047       -0.0225349794964279     0.0390317320625393        0.0007518079375822    -0.0013021696330741
     0.0007677475450415    -0.0013297778449047        0.0007518079375822    -0.0013021696330741       -0.0225349794964279     0.0390317320625393
    3    3
     0.3400353799362485     0.0000000000000000        0.0072557999270733     0.0000000000000000       -0.0072557999270733     0.0000000000000000
     0.0072557999270733     0.0000000000000000        0.1367817883288150     0.0000000000000000       -0.0076628236728191     0.0000000000000000
    -0.0072557999270733     0.0000000000000000       -0.0076628236728191     0.0000000000000000        0.1367817883288150     0.0000000000000000
    3    4
    -0.0222199046096146     0.0000000000000000        0.1239558166928347     0.0000000000000000       -0.0029944910113472     0.0000000000000000
     0.0618257533932112     0.0000000000000000       -0.0222199046096146     0.0000000000000000       -0.0018514598014400     0.0000000000000000
    -0.0018514598014400     0.0000000000000000       -0.0029944910113472     0.0000000000000000        0.0082134303643625     0.0000000000000000
    3    5
     0.0111099534265139     0.0192430012139755       -0.0014972456568417    -0.0025933051999539        0.0619779146039628     0.1073488825900463
    -0.0009257299941855    -0.0016034111681704       -0.0041067155968121    -0.0071130391083651        0.0014972456568417     0.0025933051999539
     0.0309128798176972     0.0535426712446696        0.0009257299941855     0.0016034111681704        0.0111099534265139     0.0192430012139755
    4    1
    -0.0040384921667805     0.0000000000000000       -0.0040531021212072     0.0000000000000000        0.0009017256948853     0.0000000000000000
    -0.0086375797033325     0.0000000000000000       -0.0202006237726665     0.0000000000000000        0.0086375797033325    -0.0000000000000000
     0.0009017256948853     0.0000000000000000        0.0040531021212072     0.0000000000000000       -0.0040384921667805     0.0000000000000000
    4    2
    -0.0225349794964279     0.0390317320625393       -0.0007677475450415     0.0013297778449047        0.0007518079375822    -0.0013021696330741
    -0.0104247993965805     0.0180562834289488        0.0076376772977321    -0.0132288460219133        0.0104247993965805    -0.0180562834289488
     0.0007518079375822    -0.0013021696330741        0.0007677475450415    -0.0013297778449047       -0.0225349794964279     0.0390317320625393
    4    3
    -0.0222199046096146    -0.0000000000000000        0.0618257533932112     0.0000000000000000       -0.0018514598014400     0.0000000000000000
     0.1239558166928347     0.0000000000000000       -0.0222199046096146    -0.0000000000000000       -0.0029944910113472    -0.0000000000000000
    -0.0029944910113472    -0.0000000000000000       -0.0018514598014400     0.0000000000000000        0.0082134303643625     0.0000000000000000
    4    4
     0.1367817883288150     0.0000000000000000        0.0072557999270733     0.0000000000000000       -0.0076628236728191     0.0000000000000000
     0.0072557999270733     0.0000000000000000        0.3400353799362485     0.0000000000000000       -0.0072557999270733     0.0000000000000000
    -0.0076628236728191     0.0000000000000000       -0.0072557999270733     0.0000000000000000        0.1367817883288150     0.0000000000000000
    4    5
    -0.0041067155968121    -0.0071130391083651       -0.0009257299941855    -0.0016034111681704        0.0014972456568417     0.0025933051999539
    -0.0014972456568417    -0.0025933051999539        0.0111099534265139     0.0192430012139755        0.0619779146039628     0.1073488825900463
     0.0009257299941855     0.0016034111681704        0.0309128798176972     0.0535426712446696        0.0111099534265139     0.0192430012139755
    5    1
     0.0020192462872617    -0.0034974366917111        0.0004508628929636    -0.0007809173327343       -0.0020265512652126     0.0035100892829670
     0.0004508628929636    -0.0007809173327343        0.0020192462872617    -0.0034974366917111       -0.0020265512652126     0.0035100892829670
    -0.0043187902877091     0.0074803631985493       -0.0043187902877091     0.0074803631985493        0.0101003129061024    -0.0174942527706569
    5    2
    -0.0225349794964279    -0.0390317320625393       -0.0007518079375822    -0.0013021696330741        0.0007677475450415     0.0013297778449047
    -0.0007518079375822    -0.0013021696330741       -0.0225349794964279    -0.0390317320625393        0.0007677475450415     0.0013297778449047
     0.0104247993965805     0.0180562834289488        0.0104247993965805     0.0180562834289488        0.0076376772977321     0.0132288460219133
    5    3
     0.0111099534265139    -0.0192430012139755       -0.0009257299941855     0.0016034111681704        0.0309128798176972    -0.0535426712446696
    -0.0014972456568417     0.0025933051999539       -0.0041067155968121     0.0071130391083651        0.0009257299941855    -0.0016034111681704
     0.0619779146039628    -0.1073488825900463        0.0014972456568417    -0.0025933051999539        0.0111099534265139    -0.0192430012139755
    5    4
    -0.0041067155968121     0.0071130391083651       -0.0014972456568417     0.0025933051999539        0.0009257299941855    -0.0016034111681704
    -0.0009257299941855     0.0016034111681704        0.0111099534265139    -0.0192430012139755        0.0309128798176972    -0.0535426712446696
     0.0014972456568417    -0.0025933051999539        0.0619779146039628    -0.1073488825900463        0.0111099534265139    -0.0192430012139755
    5    5
     0.1367817883288150     0.0000000000000000        0.0076628236728191     0.0000000000000000       -0.0072557999270733     0.0000000000000000
     0.0076628236728191     0.0000000000000000        0.1367817883288150     0.0000000000000000       -0.0072557999270733     0.0000000000000000
    -0.0072557999270733     0.0000000000000000       -0.0072557999270733     0.0000000000000000        0.3400353799362485     0.0000000000000000

     Dynamical Matrix in cartesian axes

     q = (    -0.083316033904    -0.083316033904    -0.083316033904 )

    1    1
     0.1825308507242882     0.0000000000000000        0.0058630961127761     0.0000000000000000        0.0058630961127761     0.0000000000000000
     0.0058630961127761     0.0000000000000000        0.1825308507242882     0.0000000000000000        0.0058630961127761     0.0000000000000000
     0.0058630961127761     0.0000000000000000        0.0058630961127761     0.0000000000000000        0.1825308507242882     0.0000000000000000
    1    2
     0.0111981584583402     0.0000000009791390       -0.0687754903522301    -0.0000000060135570       -0.0687754903522301    -0.0000000060135570
    -0.0687754903522301    -0.0000000060135570        0.0111981584583402     0.0000000009791390       -0.0687754903522301    -0.0000000060135570
    -0.0687754903522301    -0.0000000060135570       -0.0687754903522301    -0.0000000060135570        0.0111981584583402     0.0000000009791390
    1    3
     0.0101003129061024    -0.0174942527706569        0.0020265512652126    -0.0035100892829670        0.0020265512652126    -0.0035100892829670
     0.0043187902877091    -0.0074803631985493        0.0020192462872617    -0.0034974366917111        0.0004508628929636    -0.0007809173327343
     0.0043187902877091    -0.0074803631985493        0.0004508628929636    -0.0007809173327343        0.0020192462872617    -0.0034974366917111
    1    4
     0.0020192462872617    -0.0034974366917111        0.0043187902877091    -0.0074803631985493        0.0004508628929636    -0.0007809173327343
     0.0020265512652126    -0.0035100892829670        0.0101003129061024    -0.0174942527706569        0.0020265512652126    -0.0035100892829670
     0.0004508628929636    -0.0007809173327343        0.0043187902877091    -0.0074803631985493        0.0020192462872617    -0.0034974366917111
    1    5
     0.0020192462872617    -0.0034974366917111        0.0004508628929636    -0.0007809173327343        0.0043187902877091    -0.0074803631985493
     0.0004508628929636    -0.0007809173327343        0.0020192462872617    -0.0034974366917111        0.0043187902877091    -0.0074803631985493
     0.0020265512652126    -0.0035100892829670        0.0020265512652126    -0.0035100892829670        0.0101003129061024    -0.0174942527706569
    2    1
     0.0111981584583402    -0.0000000009791390       -0.0687754903522301     0.0000000060135570       -0.0687754903522301     0.0000000060135570
    -0.0687754903522301     0.0000000060135570        0.0111981584583402    -0.0000000009791390       -0.0687754903522301     0.0000000060135570
    -0.0687754903522301     0.0000000060135570       -0.0687754903522301     0.0000000060135570        0.0111981584583402    -0.0000000009791390
    2    2
     0.4238858648304350     0.0000000000000000        0.0022209625903852     0.0000000000000000        0.0022209625903852     0.0000000000000000
     0.0022209625903852     0.0000000000000000        0.4238858648304350     0.0000000000000000        0.0022209625903852     0.0000000000000000
     0.0022209625903852     0.0000000000000000        0.0022209625903852     0.0000000000000000        0.4238858648304350     0.0000000000000000
    2    3
     0.0076376772977321    -0.0132288460219133       -0.0007677475450415     0.0013297778449047       -0.0007677475450415     0.0013297778449047
    -0.0104247993965805     0.0180562834289488       -0.0225349794964279     0.0390317320625393       -0.0007518079375822     0.0013021696330741
    -0.0104247993965805     0.0180562834289488       -0.0007518079375822     0.0013021696330741       -0.0225349794964279     0.0390317320625393
    2    4
    -0.0225349794964279     0.0390317320625393       -0.0104247993965805     0.0180562834289488       -0.0007518079375822     0.0013021696330741
    -0.0007677475450415     0.0013297778449047        0.0076376772977321    -0.0132288460219133       -0.0007677475450415     0.0013297778449047
    -0.0007518079375822     0.0013021696330741       -0.0104247993965805     0.0180562834289488       -0.0225349794964279     0.0390317320625393
    2    5
    -0.0225349794964279     0.0390317320625393       -0.0007518079375822     0.0013021696330741       -0.0104247993965805     0.0180562834289488
    -0.0007518079375822     0.0013021696330741       -0.0225349794964279     0.0390317320625393       -0.0104247993965805     0.0180562834289488
    -0.0007677475450415     0.0013297778449047       -0.0007677475450415     0.0013297778449047        0.0076376772977321    -0.0132288460219133
    3    1
     0.0101003129061024     0.0174942527706569        0.0043187902877091     0.0074803631985493        0.0043187902877091     0.0074803631985493
     0.0020265512652126     0.0035100892829670        0.0020192462872617     0.0034974366917111        0.0004508628929636     0.0007809173327343
     0.0020265512652126     0.0035100892829670        0.0004508628929636     0.0007809173327343        0.0020192462872617     0.0034974366917111
    3    2
     0.0076376772977321     0.0132288460219133       -0.0104247993965805    -0.0180562834289488       -0.0104247993965805    -0.0180562834289488
    -0.0007677475450415    -0.0013297778449047       -0.0225349794964279    -0.0390317320625393       -0.0007518079375822    -0.0013021696330741
    -0.0007677475450415    -0.0013297778449047       -0.0007518079375822    -0.0013021696330741       -0.0225349794964279    -0.0390317320625393
    3    3
     0.3400353799362485     0.0000000000000000        0.0072557999270733     0.0000000000000000        0.0072557999270733     0.0000000000000000
     0.0072557999270733     0.0000000000000000        0.1367817883288150     0.0000000000000000        0.0076628236728191     0.0000000000000000
     0.0072557999270733     0.0000000000000000        0.0076628236728191     0.0000000000000000        0.1367817883288150     0.0000000000000000
    3    4
    -0.0222199046096146     0.0000000000000000        0.1239558166928347     0.0000000000000000        0.0029944910113472    -0.0000000000000000
     0.0618257533932112     0.0000000000000000       -0.0222199046096146     0.0000000000000000        0.0018514598014400    -0.0000000000000000
     0.0018514598014400    -0.0000000000000000        0.0029944910113472    -0.0000000000000000        0.0082134303643625     0.0000000000000000
    3    5
    -0.0222199046096146    -0.0000000000000000        0.0029944910113472    -0.0000000000000000        0.1239558166928347     0.0000000000000000
     0.0018514598014400    -0.0000000000000000        0.0082134303643625     0.0000000000000000        0.0029944910113472    -0.0000000000000000
     0.0618257533932112     0.0000000000000000        0.0018514598014400    -0.0000000000000000       -0.0222199046096146    -0.0000000000000000
    4    1
     0.0020192462872617     0.0034974366917111        0.0020265512652126     0.0035100892829670        0.0004508628929636     0.0007809173327343
     0.0043187902877091     0.0074803631985493        0.0101003129061024     0.0174942527706569        0.0043187902877091     0.0074803631985493
     0.0004508628929636     0.0007809173327343        0.0020265512652126     0.0035100892829670        0.0020192462872617     0.0034974366917111
    4    2
    -0.0225349794964279    -0.0390317320625393       -0.0007677475450415    -0.0013297778449047       -0.0007518079375822    -0.0013021696330741
    -0.0104247993965805    -0.0180562834289488        0.0076376772977321     0.0132288460219133       -0.0104247993965805    -0.0180562834289488
    -0.0007518079375822    -0.0013021696330741       -0.0007677475450415    -0.0013297778449047       -0.0225349794964279    -0.0390317320625393
    4    3
    -0.0222199046096146    -0.0000000000000000        0.0618257533932112     0.0000000000000000        0.0018514598014400    -0.0000000000000000
     0.1239558166928347     0.0000000000000000       -0.0222199046096146    -0.0000000000000000        0.0029944910113472     0.0000000000000000
     0.0029944910113472     0.0000000000000000        0.0018514598014400    -0.0000000000000000        0.0082134303643625     0.0000000000000000
    4    4
     0.1367817883288150     0.0000000000000000        0.0072557999270733     0.0000000000000000        0.0076628236728191     0.0000000000000000
     0.0072557999270733     0.0000000000000000        0.3400353799362485     0.0000000000000000        0.0072557999270733     0.0000000000000000
     0.0076628236728191     0.0000000000000000        0.0072557999270733     0.0000000000000000        0.1367817883288150     0.0000000000000000
    4    5
     0.0082134303643625     0.0000000000000000        0.0018514598014400    -0.0000000000000000        0.0029944910113472     0.0000000000000000
     0.0029944910113472     0.0000000000000000       -0.0222199046096146     0.0000000000000000        0.1239558166928347    -0.0000000000000000
     0.0018514598014400    -0.0000000000000000        0.0618257533932112     0.0000000000000000       -0.0222199046096146     0.0000000000000000
    5    1
     0.0020192462872617     0.0034974366917111        0.0004508628929636     0.0007809173327343        0.0020265512652126     0.0035100892829670
     0.0004508628929636     0.0007809173327343        0.0020192462872617     0.0034974366917111        0.0020265512652126     0.0035100892829670
     0.0043187902877091     0.0074803631985493        0.0043187902877091     0.0074803631985493        0.0101003129061024     0.0174942527706569
    5    2
    -0.0225349794964279    -0.0390317320625393       -0.0007518079375822    -0.0013021696330741       -0.0007677475450415    -0.0013297778449047
    -0.0007518079375822    -0.0013021696330741       -0.0225349794964279    -0.0390317320625393       -0.0007677475450415    -0.0013297778449047
    -0.0104247993965805    -0.0180562834289488       -0.0104247993965805    -0.0180562834289488        0.0076376772977321     0.0132288460219133
    5    3
    -0.0222199046096146    -0.0000000000000000        0.0018514598014400    -0.0000000000000000        0.0618257533932112     0.0000000000000000
     0.0029944910113472     0.0000000000000000        0.0082134303643625     0.0000000000000000        0.0018514598014400    -0.0000000000000000
     0.1239558166928347     0.0000000000000000        0.0029944910113472     0.0000000000000000       -0.0222199046096146    -0.0000000000000000
    5    4
     0.0082134303643625     0.0000000000000000        0.0029944910113472    -0.0000000000000000        0.0018514598014400    -0.0000000000000000
     0.0018514598014400    -0.0000000000000000       -0.0222199046096146     0.0000000000000000        0.0618257533932112     0.0000000000000000
     0.0029944910113472    -0.0000000000000000        0.1239558166928347    -0.0000000000000000       -0.0222199046096146     0.0000000000000000
    5    5
     0.1367817883288150     0.0000000000000000        0.0076628236728191     0.0000000000000000        0.0072557999270733     0.0000000000000000
     0.0076628236728191     0.0000000000000000        0.1367817883288150     0.0000000000000000        0.0072557999270733     0.0000000000000000
     0.0072557999270733     0.0000000000000000        0.0072557999270733     0.0000000000000000        0.3400353799362485     0.0000000000000000

     Dynamical Matrix in cartesian axes

     q = (    -0.083316033904     0.083316033904     0.083316033904 )

    1    1
     0.1825308507242882     0.0000000000000000       -0.0058630961127761     0.0000000000000000       -0.0058630961127761     0.0000000000000000
    -0.0058630961127761     0.0000000000000000        0.1825308507242882     0.0000000000000000        0.0058630961127761     0.0000000000000000
    -0.0058630961127761     0.0000000000000000        0.0058630961127761     0.0000000000000000        0.1825308507242882     0.0000000000000000
    1    2
    -0.0055990789465170     0.0096978898637161       -0.0343877434401508     0.0595613228050225       -0.0343877434401508     0.0595613228050225
    -0.0343877434401508     0.0595613228050225       -0.0055990789465170     0.0096978898637161        0.0343877434401508    -0.0595613228050225
    -0.0343877434401508     0.0595613228050225        0.0343877434401508    -0.0595613228050225       -0.0055990789465170     0.0096978898637161
    1    3
     0.0101003129061024     0.0174942527706569       -0.0020265512652126    -0.0035100892829670       -0.0020265512652126    -0.0035100892829670
    -0.0043187902877091    -0.0074803631985493        0.0020192462872617     0.0034974366917111        0.0004508628929636     0.0007809173327343
    -0.0043187902877091    -0.0074803631985493        0.0004508628929636     0.0007809173327343        0.0020192462872617     0.0034974366917111
    1    4
    -0.0040384921667805     0.0000000000000000        0.0086375797033325     0.0000000000000000        0.0009017256948853    -0.0000000000000000
     0.0040531021212072     0.0000000000000000       -0.0202006237726665     0.0000000000000000       -0.0040531021212072     0.0000000000000000
     0.0009017256948853    -0.0000000000000000       -0.0086375797033325    -0.0000000000000000       -0.0040384921667805     0.0000000000000000
    1    5
    -0.0040384921667805     0.0000000000000000        0.0009017256948853    -0.0000000000000000        0.0086375797033325     0.0000000000000000
     0.0009017256948853    -0.0000000000000000       -0.0040384921667805     0.0000000000000000       -0.0086375797033325    -0.0000000000000000
     0.0040531021212072     0.0000000000000000       -0.0040531021212072     0.0000000000000000       -0.0202006237726665     0.0000000000000000
    2    1
    -0.0055990789465170    -0.0096978898637161       -0.0343877434401508    -0.0595613228050225       -0.0343877434401508    -0.0595613228050225
    -0.0343877434401508    -0.0595613228050225       -0.0055990789465170    -0.0096978898637161        0.0343877434401508     0.0595613228050225
    -0.0343877434401508    -0.0595613228050225        0.0343877434401508     0.0595613228050225       -0.0055990789465170    -0.0096978898637161
    2    2
     0.4238858648304350     0.0000000000000000       -0.0022209625903852     0.0000000000000000       -0.0022209625903852     0.0000000000000000
    -0.0022209625903852     0.0000000000000000        0.4238858648304350     0.0000000000000000        0.0022209625903852     0.0000000000000000
    -0.0022209625903852     0.0000000000000000        0.0022209625903852     0.0000000000000000        0.4238858648304350     0.0000000000000000
    2    3
     0.0076376772977321    -0.0132288460219133        0.0007677475450415    -0.0013297778449047        0.0007677475450415    -0.0013297778449047
     0.0104247993965805    -0.0180562834289488       -0.0225349794964279     0.0390317320625393       -0.0007518079375822     0.0013021696330741
     0.0104247993965805    -0.0180562834289488       -0.0007518079375822     0.0013021696330741       -0.0225349794964279     0.0390317320625393
    2    4
    -0.0225349794964279    -0.0390317320625393        0.0104247993965805     0.0180562834289488        0.0007518079375822     0.0013021696330741
     0.0007677475450415     0.0013297778449047        0.0076376772977321     0.0132288460219133       -0.0007677475450415    -0.0013297778449047
     0.0007518079375822     0.0013021696330741       -0.0104247993965805    -0.0180562834289488       -0.0225349794964279    -0.0390317320625393
    2    5
    -0.0225349794964279    -0.0390317320625393        0.0007518079375822     0.0013021696330741        0.0104247993965805     0.0180562834289488
     0.0007518079375822     0.0013021696330741       -0.0225349794964279    -0.0390317320625393       -0.0104247993965805    -0.0180562834289488
     0.0007677475450415     0.0013297778449047       -0.0007677475450415    -0.0013297778449047        0.0076376772977321     0.0132288460219133
    3    1
     0.0101003129061024    -0.0174942527706569       -0.0043187902877091     0.0074803631985493       -0.0043187902877091     0.0074803631985493
    -0.0020265512652126     0.0035100892829670        0.0020192462872617    -0.0034974366917111        0.0004508628929636    -0.0007809173327343
    -0.0020265512652126     0.0035100892829670        0.0004508628929636    -0.0007809173327343        0.0020192462872617    -0.0034974366917111
    3    2
     0.0076376772977321     0.0132288460219133        0.0104247993965805     0.0180562834289488        0.0104247993965805     0.0180562834289488
     0.0007677475450415     0.0013297778449047       -0.0225349794964279    -0.0390317320625393       -0.0007518079375822    -0.0013021696330741
     0.0007677475450415     0.0013297778449047       -0.0007518079375822    -0.0013021696330741       -0.0225349794964279    -0.0390317320625393
    3    3
     0.3400353799362485     0.0000000000000000       -0.0072557999270733     0.0000000000000000       -0.0072557999270733     0.0000000000000000
    -0.0072557999270733     0.0000000000000000        0.1367817883288150     0.0000000000000000        0.0076628236728191     0.0000000000000000
    -0.0072557999270733     0.0000000000000000        0.0076628236728191     0.0000000000000000        0.1367817883288150     0.0000000000000000
    3    4
     0.0111099534265139    -0.0192430012139755        0.0619779146039628    -0.1073488825900463        0.0014972456568417    -0.0025933051999539
     0.0309128798176972    -0.0535426712446696        0.0111099534265139    -0.0192430012139755       -0.0009257299941855     0.0016034111681704
     0.0009257299941855    -0.0016034111681704       -0.0014972456568417     0.0025933051999539       -0.0041067155968121     0.0071130391083651
    3    5
     0.0111099534265139    -0.0192430012139755        0.0014972456568417    -0.0025933051999539        0.0619779146039628    -0.1073488825900463
     0.0009257299941855    -0.0016034111681704       -0.0041067155968121     0.0071130391083651       -0.0014972456568417     0.0025933051999539
     0.0309128798176972    -0.0535426712446696       -0.0009257299941855     0.0016034111681704        0.0111099534265139    -0.0192430012139755
    4    1
    -0.0040384921667805     0.0000000000000000        0.0040531021212072     0.0000000000000000        0.0009017256948853     0.0000000000000000
     0.0086375797033325    -0.0000000000000000       -0.0202006237726665     0.0000000000000000       -0.0086375797033325     0.0000000000000000
     0.0009017256948853     0.0000000000000000       -0.0040531021212072     0.0000000000000000       -0.0040384921667805     0.0000000000000000
    4    2
    -0.0225349794964279     0.0390317320625393        0.0007677475450415    -0.0013297778449047        0.0007518079375822    -0.0013021696330741
     0.0104247993965805    -0.0180562834289488        0.0076376772977321    -0.0132288460219133       -0.0104247993965805     0.0180562834289488
     0.0007518079375822    -0.0013021696330741       -0.0007677475450415     0.0013297778449047       -0.0225349794964279     0.0390317320625393
    4    3
     0.0111099534265139     0.0192430012139755        0.0309128798176972     0.0535426712446696        0.0009257299941855     0.0016034111681704
     0.0619779146039628     0.1073488825900463        0.0111099534265139     0.0192430012139755       -0.0014972456568417    -0.0025933051999539
     0.0014972456568417     0.0025933051999539       -0.0009257299941855    -0.0016034111681704       -0.0041067155968121    -0.0071130391083651
    4    4
     0.1367817883288150     0.0000000000000000       -0.0072557999270733     0.0000000000000000       -0.0076628236728191     0.0000000000000000
    -0.0072557999270733     0.0000000000000000        0.3400353799362485     0.0000000000000000        0.0072557999270733     0.0000000000000000
    -0.0076628236728191     0.0000000000000000        0.0072557999270733     0.0000000000000000        0.1367817883288150     0.0000000000000000
    4    5
     0.0082134303643625     0.0000000000000000       -0.0018514598014400     0.0000000000000000       -0.0029944910113472    -0.0000000000000000
    -0.0029944910113472    -0.0000000000000000       -0.0222199046096146     0.0000000000000000        0.1239558166928347    -0.0000000000000000
    -0.0018514598014400     0.0000000000000000        0.0618257533932112     0.0000000000000000       -0.0222199046096146     0.0000000000000000
    5    1
    -0.0040384921667805     0.0000000000000000        0.0009017256948853     0.0000000000000000        0.0040531021212072     0.0000000000000000
     0.0009017256948853     0.0000000000000000       -0.0040384921667805     0.0000000000000000       -0.0040531021212072     0.0000000000000000
     0.0086375797033325    -0.0000000000000000       -0.0086375797033325     0.0000000000000000       -0.0202006237726665     0.0000000000000000
    5    2
    -0.0225349794964279     0.0390317320625393        0.0007518079375822    -0.0013021696330741        0.0007677475450415    -0.0013297778449047
     0.0007518079375822    -0.0013021696330741       -0.0225349794964279     0.0390317320625393       -0.0007677475450415     0.0013297778449047
     0.0104247993965805    -0.0180562834289488       -0.0104247993965805     0.0180562834289488        0.0076376772977321    -0.0132288460219133
    5    3
     0.0111099534265139     0.0192430012139755        0.0009257299941855     0.0016034111681704        0.0309128798176972     0.0535426712446696
     0.0014972456568417     0.0025933051999539       -0.0041067155968121    -0.0071130391083651       -0.0009257299941855    -0.0016034111681704
     0.0619779146039628     0.1073488825900463       -0.0014972456568417    -0.0025933051999539        0.0111099534265139     0.0192430012139755
    5    4
     0.0082134303643625     0.0000000000000000       -0.0029944910113472     0.0000000000000000       -0.0018514598014400     0.0000000000000000
    -0.0018514598014400     0.0000000000000000       -0.0222199046096146     0.0000000000000000        0.0618257533932112     0.0000000000000000
    -0.0029944910113472     0.0000000000000000        0.1239558166928347    -0.0000000000000000       -0.0222199046096146     0.0000000000000000
    5    5
     0.1367817883288150     0.0000000000000000       -0.0076628236728191     0.0000000000000000       -0.0072557999270733     0.0000000000000000
    -0.0076628236728191     0.0000000000000000        0.1367817883288150     0.0000000000000000        0.0072557999270733     0.0000000000000000
    -0.0072557999270733     0.0000000000000000        0.0072557999270733     0.0000000000000000        0.3400353799362485     0.0000000000000000

     Dynamical Matrix in cartesian axes

     q = (     0.083316033904    -0.083316033904     0.083316033904 )

    1    1
     0.1825308507242882     0.0000000000000000       -0.0058630961127761     0.0000000000000000        0.0058630961127761     0.0000000000000000
    -0.0058630961127761     0.0000000000000000        0.1825308507242882     0.0000000000000000       -0.0058630961127761     0.0000000000000000
     0.0058630961127761     0.0000000000000000       -0.0058630961127761     0.0000000000000000        0.1825308507242882     0.0000000000000000
    1    2
    -0.0055990789465170     0.0096978898637161       -0.0343877434401508     0.0595613228050225        0.0343877434401508    -0.0595613228050225
    -0.0343877434401508     0.0595613228050225       -0.0055990789465170     0.0096978898637161       -0.0343877434401508     0.0595613228050225
     0.0343877434401508    -0.0595613228050225       -0.0343877434401508     0.0595613228050225       -0.0055990789465170     0.0096978898637161
    1    3
    -0.0202006237726665     0.0000000000000000        0.0040531021212072     0.0000000000000000       -0.0040531021212072     0.0000000000000000
     0.0086375797033325     0.0000000000000000       -0.0040384921667805     0.0000000000000000        0.0009017256948853    -0.0000000000000000
    -0.0086375797033325    -0.0000000000000000        0.0009017256948853    -0.0000000000000000       -0.0040384921667805     0.0000000000000000
    1    4
     0.0020192462872617     0.0034974366917111       -0.0043187902877091    -0.0074803631985493        0.0004508628929636     0.0007809173327343
    -0.0020265512652126    -0.0035100892829670        0.0101003129061024     0.0174942527706569       -0.0020265512652126    -0.0035100892829670
     0.0004508628929636     0.0007809173327343       -0.0043187902877091    -0.0074803631985493        0.0020192462872617     0.0034974366917111
    1    5
    -0.0040384921667805     0.0000000000000000        0.0009017256948853    -0.0000000000000000       -0.0086375797033325    -0.0000000000000000
     0.0009017256948853    -0.0000000000000000       -0.0040384921667805     0.0000000000000000        0.0086375797033325     0.0000000000000000
    -0.0040531021212072     0.0000000000000000        0.0040531021212072     0.0000000000000000       -0.0202006237726665     0.0000000000000000
    2    1
    -0.0055990789465170    -0.0096978898637161       -0.0343877434401508    -0.0595613228050225        0.0343877434401508     0.0595613228050225
    -0.0343877434401508    -0.0595613228050225       -0.0055990789465170    -0.0096978898637161       -0.0343877434401508    -0.0595613228050225
     0.0343877434401508     0.0595613228050225       -0.0343877434401508    -0.0595613228050225       -0.0055990789465170    -0.0096978898637161
    2    2
     0.4238858648304350     0.0000000000000000       -0.0022209625903852     0.0000000000000000        0.0022209625903852     0.0000000000000000
    -0.0022209625903852     0.0000000000000000        0.4238858648304350     0.0000000000000000       -0.0022209625903852     0.0000000000000000
     0.0022209625903852     0.0000000000000000       -0.0022209625903852     0.0000000000000000        0.4238858648304350     0.0000000000000000
    2    3
     0.0076376772977321     0.0132288460219133        0.0007677475450415     0.0013297778449047       -0.0007677475450415    -0.0013297778449047
     0.0104247993965805     0.0180562834289488       -0.0225349794964279    -0.0390317320625393        0.0007518079375822     0.0013021696330741
    -0.0104247993965805    -0.0180562834289488        0.0007518079375822     0.0013021696330741       -0.0225349794964279    -0.0390317320625393
    2    4
    -0.0225349794964279     0.0390317320625393        0.0104247993965805    -0.0180562834289488       -0.0007518079375822     0.0013021696330741
     0.0007677475450415    -0.0013297778449047        0.0076376772977321    -0.0132288460219133        0.0007677475450415    -0.0013297778449047
    -0.0007518079375822     0.0013021696330741        0.0104247993965805    -0.0180562834289488       -0.0225349794964279     0.0390317320625393
    2    5
    -0.0225349794964279    -0.0390317320625393        0.0007518079375822     0.0013021696330741       -0.0104247993965805    -0.0180562834289488
     0.0007518079375822     0.0013021696330741       -0.0225349794964279    -0.0390317320625393        0.0104247993965805     0.0180562834289488
    -0.0007677475450415    -0.0013297778449047        0.0007677475450415     0.0013297778449047        0.0076376772977321     0.0132288460219133
    3    1
    -0.0202006237726665     0.0000000000000000        0.0086375797033325    -0.0000000000000000       -0.0086375797033325     0.0000000000000000
     0.0040531021212072     0.0000000000000000       -0.0040384921667805     0.0000000000000000        0.0009017256948853     0.0000000000000000
    -0.0040531021212072     0.0000000000000000        0.0009017256948853     0.0000000000000000       -0.0040384921667805     0.0000000000000000
    3    2
     0.0076376772977321    -0.0132288460219133        0.0104247993965805    -0.0180562834289488       -0.0104247993965805     0.0180562834289488
     0.0007677475450415    -0.0013297778449047       -0.0225349794964279     0.0390317320625393        0.0007518079375822    -0.0013021696330741
    -0.0007677475450415     0.0013297778449047        0.0007518079375822    -0.0013021696330741       -0.0225349794964279     0.0390317320625393
    3    3
     0.3400353799362485     0.0000000000000000       -0.0072557999270733     0.0000000000000000        0.0072557999270733     0.0000000000000000
    -0.0072557999270733     0.0000000000000000        0.1367817883288150     0.0000000000000000       -0.0076628236728191     0.0000000000000000
     0.0072557999270733     0.0000000000000000       -0.0076628236728191     0.0000000000000000        0.1367817883288150     0.0000000000000000
    3    4
     0.0111099534265139     0.0192430012139755        0.0619779146039628     0.1073488825900463       -0.0014972456568417    -0.0025933051999539
     0.0309128798176972     0.0535426712446696        0.0111099534265139     0.0192430012139755        0.0009257299941855     0.0016034111681704
    -0.0009257299941855    -0.0016034111681704        0.0014972456568417     0.0025933051999539       -0.0041067155968121    -0.0071130391083651
    3    5
    -0.0222199046096146    -0.0000000000000000       -0.0029944910113472     0.0000000000000000        0.1239558166928347     0.0000000000000000
    -0.0018514598014400     0.0000000000000000        0.0082134303643625     0.0000000000000000       -0.0029944910113472     0.0000000000000000
     0.0618257533932112     0.0000000000000000       -0.0018514598014400     0.0000000000000000       -0.0222199046096146    -0.0000000000000000
    4    1
     0.0020192462872617    -0.0034974366917111       -0.0020265512652126     0.0035100892829670        0.0004508628929636    -0.0007809173327343
    -0.0043187902877091     0.0074803631985493        0.0101003129061024    -0.0174942527706569       -0.0043187902877091     0.0074803631985493
     0.0004508628929636    -0.0007809173327343       -0.0020265512652126     0.0035100892829670        0.0020192462872617    -0.0034974366917111
    4    2
    -0.0225349794964279    -0.0390317320625393        0.0007677475450415     0.0013297778449047       -0.0007518079375822    -0.0013021696330741
     0.0104247993965805     0.0180562834289488        0.0076376772977321     0.0132288460219133        0.0104247993965805     0.0180562834289488
    -0.0007518079375822    -0.0013021696330741        0.0007677475450415     0.0013297778449047       -0.0225349794964279    -0.0390317320625393
    4    3
     0.0111099534265139    -0.0192430012139755        0.0309128798176972    -0.0535426712446696       -0.0009257299941855     0.0016034111681704
     0.0619779146039628    -0.1073488825900463        0.0111099534265139    -0.0192430012139755        0.0014972456568417    -0.0025933051999539
    -0.0014972456568417     0.0025933051999539        0.0009257299941855    -0.0016034111681704       -0.0041067155968121     0.0071130391083651
    4    4
     0.1367817883288150     0.0000000000000000       -0.0072557999270733     0.0000000000000000        0.0076628236728191     0.0000000000000000
    -0.0072557999270733     0.0000000000000000        0.3400353799362485     0.0000000000000000       -0.0072557999270733     0.0000000000000000
     0.0076628236728191     0.0000000000000000       -0.0072557999270733     0.0000000000000000        0.1367817883288150     0.0000000000000000
    4    5
    -0.0041067155968121     0.0071130391083651        0.0009257299941855    -0.0016034111681704       -0.0014972456568417     0.0025933051999539
     0.0014972456568417    -0.0025933051999539        0.0111099534265139    -0.0192430012139755        0.0619779146039628    -0.1073488825900463
    -0.0009257299941855     0.0016034111681704        0.0309128798176972    -0.0535426712446696        0.0111099534265139    -0.0192430012139755
    5    1
    -0.0040384921667805     0.0000000000000000        0.0009017256948853     0.0000000000000000       -0.0040531021212072     0.0000000000000000
     0.0009017256948853     0.0000000000000000       -0.0040384921667805     0.0000000000000000        0.0040531021212072     0.0000000000000000
    -0.0086375797033325     0.0000000000000000        0.0086375797033325    -0.0000000000000000       -0.0202006237726665     0.0000000000000000
    5    2
    -0.0225349794964279     0.0390317320625393        0.0007518079375822    -0.0013021696330741       -0.0007677475450415     0.0013297778449047
     0.0007518079375822    -0.0013021696330741       -0.0225349794964279     0.0390317320625393        0.0007677475450415    -0.0013297778449047
    -0.0104247993965805     0.0180562834289488        0.0104247993965805    -0.0180562834289488        0.0076376772977321    -0.0132288460219133
    5    3
    -0.0222199046096146    -0.0000000000000000       -0.0018514598014400     0.0000000000000000        0.0618257533932112     0.0000000000000000
    -0.0029944910113472    -0.0000000000000000        0.0082134303643625     0.0000000000000000       -0.0018514598014400     0.0000000000000000
     0.1239558166928347     0.0000000000000000       -0.0029944910113472    -0.0000000000000000       -0.0222199046096146    -0.0000000000000000
    5    4
    -0.0041067155968121    -0.0071130391083651        0.0014972456568417     0.0025933051999539       -0.0009257299941855    -0.0016034111681704
     0.0009257299941855     0.0016034111681704        0.0111099534265139     0.0192430012139755        0.0309128798176972     0.0535426712446696
    -0.0014972456568417    -0.0025933051999539        0.0619779146039628     0.1073488825900463        0.0111099534265139     0.0192430012139755
    5    5
     0.1367817883288150     0.0000000000000000       -0.0076628236728191     0.0000000000000000        0.0072557999270733     0.0000000000000000
    -0.0076628236728191     0.0000000000000000        0.1367817883288150     0.0000000000000000       -0.0072557999270733     0.0000000000000000
     0.0072557999270733     0.0000000000000000       -0.0072557999270733     0.0000000000000000        0.3400353799362485     0.0000000000000000

     Dynamical Matrix in cartesian axes

     q = (     0.083316033904     0.083316033904     0.083316033904 )

    1    1
     0.1825308507242882     0.0000000000000000        0.0058630961127761     0.0000000000000000        0.0058630961127761     0.0000000000000000
     0.0058630961127761     0.0000000000000000        0.1825308507242882     0.0000000000000000        0.0058630961127761     0.0000000000000000
     0.0058630961127761     0.0000000000000000        0.0058630961127761     0.0000000000000000        0.1825308507242882     0.0000000000000000
    1    2
     0.0111981584583402    -0.0000000009791390       -0.0687754903522301     0.0000000060135570       -0.0687754903522301     0.0000000060135570
    -0.0687754903522301     0.0000000060135570        0.0111981584583402    -0.0000000009791390       -0.0687754903522301     0.0000000060135570
    -0.0687754903522301     0.0000000060135570       -0.0687754903522301     0.0000000060135570        0.0111981584583402    -0.0000000009791390
    1    3
     0.0101003129061024     0.0174942527706569        0.0020265512652126     0.0035100892829670        0.0020265512652126     0.0035100892829670
     0.0043187902877091     0.0074803631985493        0.0020192462872617     0.0034974366917111        0.0004508628929636     0.0007809173327343
     0.0043187902877091     0.0074803631985493        0.0004508628929636     0.0007809173327343        0.0020192462872617     0.0034974366917111
    1    4
     0.0020192462872617     0.0034974366917111        0.0043187902877091     0.0074803631985493        0.0004508628929636     0.0007809173327343
     0.0020265512652126     0.0035100892829670        0.0101003129061024     0.0174942527706569        0.0020265512652126     0.0035100892829670
     0.0004508628929636     0.0007809173327343        0.0043187902877091     0.0074803631985493        0.0020192462872617     0.0034974366917111
    1    5
     0.0020192462872617     0.0034974366917111        0.0004508628929636     0.0007809173327343        0.0043187902877091     0.0074803631985493
     0.0004508628929636     0.0007809173327343        0.0020192462872617     0.0034974366917111        0.0043187902877091     0.0074803631985493
     0.0020265512652126     0.0035100892829670        0.0020265512652126     0.0035100892829670        0.0101003129061024     0.0174942527706569
    2    1
     0.0111981584583402     0.0000000009791390       -0.0687754903522301    -0.0000000060135570       -0.0687754903522301    -0.0000000060135570
    -0.0687754903522301    -0.0000000060135570        0.0111981584583402     0.0000000009791390       -0.0687754903522301    -0.0000000060135570
    -0.0687754903522301    -0.0000000060135570       -0.0687754903522301    -0.0000000060135570        0.0111981584583402     0.0000000009791390
    2    2
     0.4238858648304350     0.0000000000000000        0.0022209625903852     0.0000000000000000        0.0022209625903852     0.0000000000000000
     0.0022209625903852     0.0000000000000000        0.4238858648304350     0.0000000000000000        0.0022209625903852     0.0000000000000000
     0.0022209625903852     0.0000000000000000        0.0022209625903852     0.0000000000000000        0.4238858648304350     0.0000000000000000
    2    3
     0.0076376772977321     0.0132288460219133       -0.0007677475450415    -0.0013297778449047       -0.0007677475450415    -0.0013297778449047
    -0.0104247993965805    -0.0180562834289488       -0.0225349794964279    -0.0390317320625393       -0.0007518079375822    -0.0013021696330741
    -0.0104247993965805    -0.0180562834289488       -0.0007518079375822    -0.0013021696330741       -0.0225349794964279    -0.0390317320625393
    2    4
    -0.0225349794964279    -0.0390317320625393       -0.0104247993965805    -0.0180562834289488       -0.0007518079375822    -0.0013021696330741
    -0.0007677475450415    -0.0013297778449047        0.0076376772977321     0.0132288460219133       -0.0007677475450415    -0.0013297778449047
    -0.0007518079375822    -0.0013021696330741       -0.0104247993965805    -0.0180562834289488       -0.0225349794964279    -0.0390317320625393
    2    5
    -0.0225349794964279    -0.0390317320625393       -0.0007518079375822    -0.0013021696330741       -0.0104247993965805    -0.0180562834289488
    -0.0007518079375822    -0.0013021696330741       -0.0225349794964279    -0.0390317320625393       -0.0104247993965805    -0.0180562834289488
    -0.0007677475450415    -0.0013297778449047       -0.0007677475450415    -0.0013297778449047        0.0076376772977321     0.0132288460219133
    3    1
     0.0101003129061024    -0.0174942527706569        0.0043187902877091    -0.0074803631985493        0.0043187902877091    -0.0074803631985493
     0.0020265512652126    -0.0035100892829670        0.0020192462872617    -0.0034974366917111        0.0004508628929636    -0.0007809173327343
     0.0020265512652126    -0.0035100892829670        0.0004508628929636    -0.0007809173327343        0.0020192462872617    -0.0034974366917111
    3    2
     0.0076376772977321    -0.0132288460219133       -0.0104247993965805     0.0180562834289488       -0.0104247993965805     0.0180562834289488
    -0.0007677475450415     0.0013297778449047       -0.0225349794964279     0.0390317320625393       -0.0007518079375822     0.0013021696330741
    -0.0007677475450415     0.0013297778449047       -0.0007518079375822     0.0013021696330741       -0.0225349794964279     0.0390317320625393
    3    3
     0.3400353799362485     0.0000000000000000        0.0072557999270733     0.0000000000000000        0.0072557999270733     0.0000000000000000
     0.0072557999270733     0.0000000000000000        0.1367817883288150     0.0000000000000000        0.0076628236728191     0.0000000000000000
     0.0072557999270733     0.0000000000000000        0.0076628236728191     0.0000000000000000        0.1367817883288150     0.0000000000000000
    3    4
    -0.0222199046096146    -0.0000000000000000        0.1239558166928347     0.0000000000000000        0.0029944910113472     0.0000000000000000
     0.0618257533932112     0.0000000000000000       -0.0222199046096146    -0.0000000000000000        0.0018514598014400    -0.0000000000000000
     0.0018514598014400    -0.0000000000000000        0.0029944910113472     0.0000000000000000        0.0082134303643625     0.0000000000000000
    3    5
    -0.0222199046096146     0.0000000000000000        0.0029944910113472     0.0000000000000000        0.1239558166928347    -0.0000000000000000
     0.0018514598014400    -0.0000000000000000        0.0082134303643625     0.0000000000000000        0.0029944910113472     0.0000000000000000
     0.0618257533932112     0.0000000000000000        0.0018514598014400    -0.0000000000000000       -0.0222199046096146     0.0000000000000000
    4    1
     0.0020192462872617    -0.0034974366917111        0.0020265512652126    -0.0035100892829670        0.0004508628929636    -0.0007809173327343
     0.0043187902877091    -0.0074803631985493        0.0101003129061024    -0.0174942527706569        0.0043187902877091    -0.0074803631985493
     0.0004508628929636    -0.0007809173327343        0.0020265512652126    -0.0035100892829670        0.0020192462872617    -0.0034974366917111
    4    2
    -0.0225349794964279     0.0390317320625393       -0.0007677475450415     0.0013297778449047       -0.0007518079375822     0.0013021696330741
    -0.0104247993965805     0.0180562834289488        0.0076376772977321    -0.0132288460219133       -0.0104247993965805     0.0180562834289488
    -0.0007518079375822     0.0013021696330741       -0.0007677475450415     0.0013297778449047       -0.0225349794964279     0.0390317320625393
    4    3
    -0.0222199046096146     0.0000000000000000        0.0618257533932112     0.0000000000000000        0.0018514598014400    -0.0000000000000000
     0.1239558166928347     0.0000000000000000       -0.0222199046096146     0.0000000000000000        0.0029944910113472    -0.0000000000000000
     0.0029944910113472    -0.0000000000000000        0.0018514598014400    -0.0000000000000000        0.0082134303643625     0.0000000000000000
    4    4
     0.1367817883288150     0.0000000000000000        0.0072557999270733     0.0000000000000000        0.0076628236728191     0.0000000000000000
     0.0072557999270733     0.0000000000000000        0.3400353799362485     0.0000000000000000        0.0072557999270733     0.0000000000000000
     0.0076628236728191     0.0000000000000000        0.0072557999270733     0.0000000000000000        0.1367817883288150     0.0000000000000000
    4    5
     0.0082134303643625     0.0000000000000000        0.0018514598014400    -0.0000000000000000        0.0029944910113472    -0.0000000000000000
     0.0029944910113472    -0.0000000000000000       -0.0222199046096146    -0.0000000000000000        0.1239558166928347     0.0000000000000000
     0.0018514598014400    -0.0000000000000000        0.0618257533932112     0.0000000000000000       -0.0222199046096146    -0.0000000000000000
    5    1
     0.0020192462872617    -0.0034974366917111        0.0004508628929636    -0.0007809173327343        0.0020265512652126    -0.0035100892829670
     0.0004508628929636    -0.0007809173327343        0.0020192462872617    -0.0034974366917111        0.0020265512652126    -0.0035100892829670
     0.0043187902877091    -0.0074803631985493        0.0043187902877091    -0.0074803631985493        0.0101003129061024    -0.0174942527706569
    5    2
    -0.0225349794964279     0.0390317320625393       -0.0007518079375822     0.0013021696330741       -0.0007677475450415     0.0013297778449047
    -0.0007518079375822     0.0013021696330741       -0.0225349794964279     0.0390317320625393       -0.0007677475450415     0.0013297778449047
    -0.0104247993965805     0.0180562834289488       -0.0104247993965805     0.0180562834289488        0.0076376772977321    -0.0132288460219133
    5    3
    -0.0222199046096146     0.0000000000000000        0.0018514598014400    -0.0000000000000000        0.0618257533932112     0.0000000000000000
     0.0029944910113472    -0.0000000000000000        0.0082134303643625     0.0000000000000000        0.0018514598014400    -0.0000000000000000
     0.1239558166928347    -0.0000000000000000        0.0029944910113472    -0.0000000000000000       -0.0222199046096146     0.0000000000000000
    5    4
     0.0082134303643625     0.0000000000000000        0.0029944910113472     0.0000000000000000        0.0018514598014400    -0.0000000000000000
     0.0018514598014400    -0.0000000000000000       -0.0222199046096146    -0.0000000000000000        0.0618257533932112     0.0000000000000000
     0.0029944910113472     0.0000000000000000        0.1239558166928347     0.0000000000000000       -0.0222199046096146    -0.0000000000000000
    5    5
     0.1367817883288150     0.0000000000000000        0.0076628236728191     0.0000000000000000        0.0072557999270733     0.0000000000000000
     0.0076628236728191     0.0000000000000000        0.1367817883288150     0.0000000000000000        0.0072557999270733     0.0000000000000000
     0.0072557999270733     0.0000000000000000        0.0072557999270733     0.0000000000000000        0.3400353799362485     0.0000000000000000

     Dynamical Matrix in cartesian axes

     q = (    -0.083316033904    -0.083316033904     0.083316033904 )

    1    1
     0.1825308507242882     0.0000000000000000        0.0058630961127761     0.0000000000000000       -0.0058630961127761     0.0000000000000000
     0.0058630961127761     0.0000000000000000        0.1825308507242882     0.0000000000000000       -0.0058630961127761     0.0000000000000000
    -0.0058630961127761     0.0000000000000000       -0.0058630961127761     0.0000000000000000        0.1825308507242882     0.0000000000000000
    1    2
    -0.0055990789465170    -0.0096978898637161        0.0343877434401508     0.0595613228050225       -0.0343877434401508    -0.0595613228050225
     0.0343877434401508     0.0595613228050225       -0.0055990789465170    -0.0096978898637161       -0.0343877434401508    -0.0595613228050225
    -0.0343877434401508    -0.0595613228050225       -0.0343877434401508    -0.0595613228050225       -0.0055990789465170    -0.0096978898637161
    1    3
    -0.0202006237726665     0.0000000000000000       -0.0040531021212072     0.0000000000000000        0.0040531021212072     0.0000000000000000
    -0.0086375797033325    -0.0000000000000000       -0.0040384921667805     0.0000000000000000        0.0009017256948853    -0.0000000000000000
     0.0086375797033325     0.0000000000000000        0.0009017256948853    -0.0000000000000000       -0.0040384921667805     0.0000000000000000
    1    4
    -0.0040384921667805     0.0000000000000000       -0.0086375797033325    -0.0000000000000000        0.0009017256948853    -0.0000000000000000
    -0.0040531021212072     0.0000000000000000       -0.0202006237726665     0.0000000000000000        0.0040531021212072     0.0000000000000000
     0.0009017256948853    -0.0000000000000000        0.0086375797033325     0.0000000000000000       -0.0040384921667805     0.0000000000000000
    1    5
     0.0020192462872617    -0.0034974366917111        0.0004508628929636    -0.0007809173327343       -0.0043187902877091     0.0074803631985493
     0.0004508628929636    -0.0007809173327343        0.0020192462872617    -0.0034974366917111       -0.0043187902877091     0.0074803631985493
    -0.0020265512652126     0.0035100892829670       -0.0020265512652126     0.0035100892829670        0.0101003129061024    -0.0174942527706569
    2    1
    -0.0055990789465170     0.0096978898637161        0.0343877434401508    -0.0595613228050225       -0.0343877434401508     0.0595613228050225
     0.0343877434401508    -0.0595613228050225       -0.0055990789465170     0.0096978898637161       -0.0343877434401508     0.0595613228050225
    -0.0343877434401508     0.0595613228050225       -0.0343877434401508     0.0595613228050225       -0.0055990789465170     0.0096978898637161
    2    2
     0.4238858648304350     0.0000000000000000        0.0022209625903852     0.0000000000000000       -0.0022209625903852     0.0000000000000000
     0.0022209625903852     0.0000000000000000        0.4238858648304350     0.0000000000000000       -0.0022209625903852     0.0000000000000000
    -0.0022209625903852     0.0000000000000000       -0.0022209625903852     0.0000000000000000        0.4238858648304350     0.0000000000000000
    2    3
     0.0076376772977321    -0.0132288460219133       -0.0007677475450415     0.0013297778449047        0.0007677475450415    -0.0013297778449047
    -0.0104247993965805     0.0180562834289488       -0.0225349794964279     0.0390317320625393        0.0007518079375822    -0.0013021696330741
     0.0104247993965805    -0.0180562834289488        0.0007518079375822    -0.0013021696330741       -0.0225349794964279     0.0390317320625393
    2    4
    -0.0225349794964279     0.0390317320625393       -0.0104247993965805     0.0180562834289488        0.0007518079375822    -0.0013021696330741
    -0.0007677475450415     0.0013297778449047        0.0076376772977321    -0.0132288460219133        0.0007677475450415    -0.0013297778449047
     0.0007518079375822    -0.0013021696330741        0.0104247993965805    -0.0180562834289488       -0.0225349794964279     0.0390317320625393
    2    5
    -0.0225349794964279    -0.0390317320625393       -0.0007518079375822    -0.0013021696330741        0.0104247993965805     0.0180562834289488
    -0.0007518079375822    -0.0013021696330741       -0.0225349794964279    -0.0390317320625393        0.0104247993965805     0.0180562834289488
     0.0007677475450415     0.0013297778449047        0.0007677475450415     0.0013297778449047        0.0076376772977321     0.0132288460219133
    3    1
    -0.0202006237726665     0.0000000000000000       -0.0086375797033325     0.0000000000000000        0.0086375797033325    -0.0000000000000000
    -0.0040531021212072     0.0000000000000000       -0.0040384921667805     0.0000000000000000        0.0009017256948853     0.0000000000000000
     0.0040531021212072     0.0000000000000000        0.0009017256948853     0.0000000000000000       -0.0040384921667805     0.0000000000000000
    3    2
     0.0076376772977321     0.0132288460219133       -0.0104247993965805    -0.0180562834289488        0.0104247993965805     0.0180562834289488
    -0.0007677475450415    -0.0013297778449047       -0.0225349794964279    -0.0390317320625393        0.0007518079375822     0.0013021696330741
     0.0007677475450415     0.0013297778449047        0.0007518079375822     0.0013021696330741       -0.0225349794964279    -0.0390317320625393
    3    3
     0.3400353799362485     0.0000000000000000        0.0072557999270733     0.0000000000000000       -0.0072557999270733     0.0000000000000000
     0.0072557999270733     0.0000000000000000        0.1367817883288150     0.0000000000000000       -0.0076628236728191     0.0000000000000000
    -0.0072557999270733     0.0000000000000000       -0.0076628236728191     0.0000000000000000        0.1367817883288150     0.0000000000000000
    3    4
    -0.0222199046096146    -0.0000000000000000        0.1239558166928347     0.0000000000000000       -0.0029944910113472    -0.0000000000000000
     0.0618257533932112     0.0000000000000000       -0.0222199046096146    -0.0000000000000000       -0.0018514598014400     0.0000000000000000
    -0.0018514598014400     0.0000000000000000       -0.0029944910113472    -0.0000000000000000        0.0082134303643625     0.0000000000000000
    3    5
     0.0111099534265139    -0.0192430012139755       -0.0014972456568417     0.0025933051999539        0.0619779146039628    -0.1073488825900463
    -0.0009257299941855     0.0016034111681704       -0.0041067155968121     0.0071130391083651        0.0014972456568417    -0.0025933051999539
     0.0309128798176972    -0.0535426712446696        0.0009257299941855    -0.0016034111681704        0.0111099534265139    -0.0192430012139755
    4    1
    -0.0040384921667805     0.0000000000000000       -0.0040531021212072     0.0000000000000000        0.0009017256948853     0.0000000000000000
    -0.0086375797033325     0.0000000000000000       -0.0202006237726665     0.0000000000000000        0.0086375797033325    -0.0000000000000000
     0.0009017256948853     0.0000000000000000        0.0040531021212072     0.0000000000000000       -0.0040384921667805     0.0000000000000000
    4    2
    -0.0225349794964279    -0.0390317320625393       -0.0007677475450415    -0.0013297778449047        0.0007518079375822     0.0013021696330741
    -0.0104247993965805    -0.0180562834289488        0.0076376772977321     0.0132288460219133        0.0104247993965805     0.0180562834289488
     0.0007518079375822     0.0013021696330741        0.0007677475450415     0.0013297778449047       -0.0225349794964279    -0.0390317320625393
    4    3
    -0.0222199046096146     0.0000000000000000        0.0618257533932112     0.0000000000000000       -0.0018514598014400     0.0000000000000000
     0.1239558166928347     0.0000000000000000       -0.0222199046096146     0.0000000000000000       -0.0029944910113472     0.0000000000000000
    -0.0029944910113472     0.0000000000000000       -0.0018514598014400     0.0000000000000000        0.0082134303643625     0.0000000000000000
    4    4
     0.1367817883288150     0.0000000000000000        0.0072557999270733     0.0000000000000000       -0.0076628236728191     0.0000000000000000
     0.0072557999270733     0.0000000000000000        0.3400353799362485     0.0000000000000000       -0.0072557999270733     0.0000000000000000
    -0.0076628236728191     0.0000000000000000       -0.0072557999270733     0.0000000000000000        0.1367817883288150     0.0000000000000000
    4    5
    -0.0041067155968121     0.0071130391083651       -0.0009257299941855     0.0016034111681704        0.0014972456568417    -0.0025933051999539
    -0.0014972456568417     0.0025933051999539        0.0111099534265139    -0.0192430012139755        0.0619779146039628    -0.1073488825900463
     0.0009257299941855    -0.0016034111681704        0.0309128798176972    -0.0535426712446696        0.0111099534265139    -0.0192430012139755
    5    1
     0.0020192462872617     0.0034974366917111        0.0004508628929636     0.0007809173327343       -0.0020265512652126    -0.0035100892829670
     0.0004508628929636     0.0007809173327343        0.0020192462872617     0.0034974366917111       -0.0020265512652126    -0.0035100892829670
    -0.0043187902877091    -0.0074803631985493       -0.0043187902877091    -0.0074803631985493        0.0101003129061024     0.0174942527706569
    5    2
    -0.0225349794964279     0.0390317320625393       -0.0007518079375822     0.0013021696330741        0.0007677475450415    -0.0013297778449047
    -0.0007518079375822     0.0013021696330741       -0.0225349794964279     0.0390317320625393        0.0007677475450415    -0.0013297778449047
     0.0104247993965805    -0.0180562834289488        0.0104247993965805    -0.0180562834289488        0.0076376772977321    -0.0132288460219133
    5    3
     0.0111099534265139     0.0192430012139755       -0.0009257299941855    -0.0016034111681704        0.0309128798176972     0.0535426712446696
    -0.0014972456568417    -0.0025933051999539       -0.0041067155968121    -0.0071130391083651        0.0009257299941855     0.0016034111681704
     0.0619779146039628     0.1073488825900463        0.0014972456568417     0.0025933051999539        0.0111099534265139     0.0192430012139755
    5    4
    -0.0041067155968121    -0.0071130391083651       -0.0014972456568417    -0.0025933051999539        0.0009257299941855     0.0016034111681704
    -0.0009257299941855    -0.0016034111681704        0.0111099534265139     0.0192430012139755        0.0309128798176972     0.0535426712446696
     0.0014972456568417     0.0025933051999539        0.0619779146039628     0.1073488825900463        0.0111099534265139     0.0192430012139755
    5    5
     0.1367817883288150     0.0000000000000000        0.0076628236728191     0.0000000000000000       -0.0072557999270733     0.0000000000000000
     0.0076628236728191     0.0000000000000000        0.1367817883288150     0.0000000000000000       -0.0072557999270733     0.0000000000000000
    -0.0072557999270733     0.0000000000000000       -0.0072557999270733     0.0000000000000000        0.3400353799362485     0.0000000000000000

     Dynamical Matrix in cartesian axes

     q = (     0.083316033904    -0.083316033904    -0.083316033904 )

    1    1
     0.1825308507242882     0.0000000000000000       -0.0058630961127761     0.0000000000000000       -0.0058630961127761     0.0000000000000000
    -0.0058630961127761     0.0000000000000000        0.1825308507242882     0.0000000000000000        0.0058630961127761     0.0000000000000000
    -0.0058630961127761     0.0000000000000000        0.0058630961127761     0.0000000000000000        0.1825308507242882     0.0000000000000000
    1    2
    -0.0055990789465170    -0.0096978898637161       -0.0343877434401508    -0.0595613228050225       -0.0343877434401508    -0.0595613228050225
    -0.0343877434401508    -0.0595613228050225       -0.0055990789465170    -0.0096978898637161        0.0343877434401508     0.0595613228050225
    -0.0343877434401508    -0.0595613228050225        0.0343877434401508     0.0595613228050225       -0.0055990789465170    -0.0096978898637161
    1    3
     0.0101003129061024    -0.0174942527706569       -0.0020265512652126     0.0035100892829670       -0.0020265512652126     0.0035100892829670
    -0.0043187902877091     0.0074803631985493        0.0020192462872617    -0.0034974366917111        0.0004508628929636    -0.0007809173327343
    -0.0043187902877091     0.0074803631985493        0.0004508628929636    -0.0007809173327343        0.0020192462872617    -0.0034974366917111
    1    4
    -0.0040384921667805     0.0000000000000000        0.0086375797033325     0.0000000000000000        0.0009017256948853    -0.0000000000000000
     0.0040531021212072     0.0000000000000000       -0.0202006237726665     0.0000000000000000       -0.0040531021212072     0.0000000000000000
     0.0009017256948853    -0.0000000000000000       -0.0086375797033325    -0.0000000000000000       -0.0040384921667805     0.0000000000000000
    1    5
    -0.0040384921667805     0.0000000000000000        0.0009017256948853    -0.0000000000000000        0.0086375797033325     0.0000000000000000
     0.0009017256948853    -0.0000000000000000       -0.0040384921667805     0.0000000000000000       -0.0086375797033325    -0.0000000000000000
     0.0040531021212072     0.0000000000000000       -0.0040531021212072     0.0000000000000000       -0.0202006237726665     0.0000000000000000
    2    1
    -0.0055990789465170     0.0096978898637161       -0.0343877434401508     0.0595613228050225       -0.0343877434401508     0.0595613228050225
    -0.0343877434401508     0.0595613228050225       -0.0055990789465170     0.0096978898637161        0.0343877434401508    -0.0595613228050225
    -0.0343877434401508     0.0595613228050225        0.0343877434401508    -0.0595613228050225       -0.0055990789465170     0.0096978898637161
    2    2
     0.4238858648304350     0.0000000000000000       -0.0022209625903852     0.0000000000000000       -0.0022209625903852     0.0000000000000000
    -0.0022209625903852     0.0000000000000000        0.4238858648304350     0.0000000000000000        0.0022209625903852     0.0000000000000000
    -0.0022209625903852     0.0000000000000000        0.0022209625903852     0.0000000000000000        0.4238858648304350     0.0000000000000000
    2    3
     0.0076376772977321     0.0132288460219133        0.0007677475450415     0.0013297778449047        0.0007677475450415     0.0013297778449047
     0.0104247993965805     0.0180562834289488       -0.0225349794964279    -0.0390317320625393       -0.0007518079375822    -0.0013021696330741
     0.0104247993965805     0.0180562834289488       -0.0007518079375822    -0.0013021696330741       -0.0225349794964279    -0.0390317320625393
    2    4
    -0.0225349794964279     0.0390317320625393        0.0104247993965805    -0.0180562834289488        0.0007518079375822    -0.0013021696330741
     0.0007677475450415    -0.0013297778449047        0.0076376772977321    -0.0132288460219133       -0.0007677475450415     0.0013297778449047
     0.0007518079375822    -0.0013021696330741       -0.0104247993965805     0.0180562834289488       -0.0225349794964279     0.0390317320625393
    2    5
    -0.0225349794964279     0.0390317320625393        0.0007518079375822    -0.0013021696330741        0.0104247993965805    -0.0180562834289488
     0.0007518079375822    -0.0013021696330741       -0.0225349794964279     0.0390317320625393       -0.0104247993965805     0.0180562834289488
     0.0007677475450415    -0.0013297778449047       -0.0007677475450415     0.0013297778449047        0.0076376772977321    -0.0132288460219133
    3    1
     0.0101003129061024     0.0174942527706569       -0.0043187902877091    -0.0074803631985493       -0.0043187902877091    -0.0074803631985493
    -0.0020265512652126    -0.0035100892829670        0.0020192462872617     0.0034974366917111        0.0004508628929636     0.0007809173327343
    -0.0020265512652126    -0.0035100892829670        0.0004508628929636     0.0007809173327343        0.0020192462872617     0.0034974366917111
    3    2
     0.0076376772977321    -0.0132288460219133        0.0104247993965805    -0.0180562834289488        0.0104247993965805    -0.0180562834289488
     0.0007677475450415    -0.0013297778449047       -0.0225349794964279     0.0390317320625393       -0.0007518079375822     0.0013021696330741
     0.0007677475450415    -0.0013297778449047       -0.0007518079375822     0.0013021696330741       -0.0225349794964279     0.0390317320625393
    3    3
     0.3400353799362485     0.0000000000000000       -0.0072557999270733     0.0000000000000000       -0.0072557999270733     0.0000000000000000
    -0.0072557999270733     0.0000000000000000        0.1367817883288150     0.0000000000000000        0.0076628236728191     0.0000000000000000
    -0.0072557999270733     0.0000000000000000        0.0076628236728191     0.0000000000000000        0.1367817883288150     0.0000000000000000
    3    4
     0.0111099534265139     0.0192430012139755        0.0619779146039628     0.1073488825900463        0.0014972456568417     0.0025933051999539
     0.0309128798176972     0.0535426712446696        0.0111099534265139     0.0192430012139755       -0.0009257299941855    -0.0016034111681704
     0.0009257299941855     0.0016034111681704       -0.0014972456568417    -0.0025933051999539       -0.0041067155968121    -0.0071130391083651
    3    5
     0.0111099534265139     0.0192430012139755        0.0014972456568417     0.0025933051999539        0.0619779146039628     0.1073488825900463
     0.0009257299941855     0.0016034111681704       -0.0041067155968121    -0.0071130391083651       -0.0014972456568417    -0.0025933051999539
     0.0309128798176972     0.0535426712446696       -0.0009257299941855    -0.0016034111681704        0.0111099534265139     0.0192430012139755
    4    1
    -0.0040384921667805     0.0000000000000000        0.0040531021212072     0.0000000000000000        0.0009017256948853     0.0000000000000000
     0.0086375797033325    -0.0000000000000000       -0.0202006237726665     0.0000000000000000       -0.0086375797033325     0.0000000000000000
     0.0009017256948853     0.0000000000000000       -0.0040531021212072     0.0000000000000000       -0.0040384921667805     0.0000000000000000
    4    2
    -0.0225349794964279    -0.0390317320625393        0.0007677475450415     0.0013297778449047        0.0007518079375822     0.0013021696330741
     0.0104247993965805     0.0180562834289488        0.0076376772977321     0.0132288460219133       -0.0104247993965805    -0.0180562834289488
     0.0007518079375822     0.0013021696330741       -0.0007677475450415    -0.0013297778449047       -0.0225349794964279    -0.0390317320625393
    4    3
     0.0111099534265139    -0.0192430012139755        0.0309128798176972    -0.0535426712446696        0.0009257299941855    -0.0016034111681704
     0.0619779146039628    -0.1073488825900463        0.0111099534265139    -0.0192430012139755       -0.0014972456568417     0.0025933051999539
     0.0014972456568417    -0.0025933051999539       -0.0009257299941855     0.0016034111681704       -0.0041067155968121     0.0071130391083651
    4    4
     0.1367817883288150     0.0000000000000000       -0.0072557999270733     0.0000000000000000       -0.0076628236728191     0.0000000000000000
    -0.0072557999270733     0.0000000000000000        0.3400353799362485     0.0000000000000000        0.0072557999270733     0.0000000000000000
    -0.0076628236728191     0.0000000000000000        0.0072557999270733     0.0000000000000000        0.1367817883288150     0.0000000000000000
    4    5
     0.0082134303643625     0.0000000000000000       -0.0018514598014400     0.0000000000000000       -0.0029944910113472     0.0000000000000000
    -0.0029944910113472     0.0000000000000000       -0.0222199046096146    -0.0000000000000000        0.1239558166928347     0.0000000000000000
    -0.0018514598014400     0.0000000000000000        0.0618257533932112     0.0000000000000000       -0.0222199046096146    -0.0000000000000000
    5    1
    -0.0040384921667805     0.0000000000000000        0.0009017256948853     0.0000000000000000        0.0040531021212072     0.0000000000000000
     0.0009017256948853     0.0000000000000000       -0.0040384921667805     0.0000000000000000       -0.0040531021212072     0.0000000000000000
     0.0086375797033325    -0.0000000000000000       -0.0086375797033325     0.0000000000000000       -0.0202006237726665     0.0000000000000000
    5    2
    -0.0225349794964279    -0.0390317320625393        0.0007518079375822     0.0013021696330741        0.0007677475450415     0.0013297778449047
     0.0007518079375822     0.0013021696330741       -0.0225349794964279    -0.0390317320625393       -0.0007677475450415    -0.0013297778449047
     0.0104247993965805     0.0180562834289488       -0.0104247993965805    -0.0180562834289488        0.0076376772977321     0.0132288460219133
    5    3
     0.0111099534265139    -0.0192430012139755        0.0009257299941855    -0.0016034111681704        0.0309128798176972    -0.0535426712446696
     0.0014972456568417    -0.0025933051999539       -0.0041067155968121     0.0071130391083651       -0.0009257299941855     0.0016034111681704
     0.0619779146039628    -0.1073488825900463       -0.0014972456568417     0.0025933051999539        0.0111099534265139    -0.0192430012139755
    5    4
     0.0082134303643625     0.0000000000000000       -0.0029944910113472    -0.0000000000000000       -0.0018514598014400     0.0000000000000000
    -0.0018514598014400     0.0000000000000000       -0.0222199046096146    -0.0000000000000000        0.0618257533932112     0.0000000000000000
    -0.0029944910113472    -0.0000000000000000        0.1239558166928347     0.0000000000000000       -0.0222199046096146    -0.0000000000000000
    5    5
     0.1367817883288150     0.0000000000000000       -0.0076628236728191     0.0000000000000000       -0.0072557999270733     0.0000000000000000
    -0.0076628236728191     0.0000000000000000        0.1367817883288150     0.0000000000000000        0.0072557999270733     0.0000000000000000
    -0.0072557999270733     0.0000000000000000        0.0072557999270733     0.0000000000000000        0.3400353799362485     0.0000000000000000

     Dynamical Matrix in cartesian axes

     q = (    -0.083316033904     0.083316033904    -0.083316033904 )

    1    1
     0.1825308507242882     0.0000000000000000       -0.0058630961127761     0.0000000000000000        0.0058630961127761     0.0000000000000000
    -0.0058630961127761     0.0000000000000000        0.1825308507242882     0.0000000000000000       -0.0058630961127761     0.0000000000000000
     0.0058630961127761     0.0000000000000000       -0.0058630961127761     0.0000000000000000        0.1825308507242882     0.0000000000000000
    1    2
    -0.0055990789465170    -0.0096978898637161       -0.0343877434401508    -0.0595613228050225        0.0343877434401508     0.0595613228050225
    -0.0343877434401508    -0.0595613228050225       -0.0055990789465170    -0.0096978898637161       -0.0343877434401508    -0.0595613228050225
     0.0343877434401508     0.0595613228050225       -0.0343877434401508    -0.0595613228050225       -0.0055990789465170    -0.0096978898637161
    1    3
    -0.0202006237726665     0.0000000000000000        0.0040531021212072     0.0000000000000000       -0.0040531021212072     0.0000000000000000
     0.0086375797033325     0.0000000000000000       -0.0040384921667805     0.0000000000000000        0.0009017256948853    -0.0000000000000000
    -0.0086375797033325    -0.0000000000000000        0.0009017256948853    -0.0000000000000000       -0.0040384921667805     0.0000000000000000
    1    4
     0.0020192462872617    -0.0034974366917111       -0.0043187902877091     0.0074803631985493        0.0004508628929636    -0.0007809173327343
    -0.0020265512652126     0.0035100892829670        0.0101003129061024    -0.0174942527706569       -0.0020265512652126     0.0035100892829670
     0.0004508628929636    -0.0007809173327343       -0.0043187902877091     0.0074803631985493        0.0020192462872617    -0.0034974366917111
    1    5
    -0.0040384921667805     0.0000000000000000        0.0009017256948853    -0.0000000000000000       -0.0086375797033325    -0.0000000000000000
     0.0009017256948853    -0.0000000000000000       -0.0040384921667805     0.0000000000000000        0.0086375797033325     0.0000000000000000
    -0.0040531021212072     0.0000000000000000        0.0040531021212072     0.0000000000000000       -0.0202006237726665     0.0000000000000000
    2    1
    -0.0055990789465170     0.0096978898637161       -0.0343877434401508     0.0595613228050225        0.0343877434401508    -0.0595613228050225
    -0.0343877434401508     0.0595613228050225       -0.0055990789465170     0.0096978898637161       -0.0343877434401508     0.0595613228050225
     0.0343877434401508    -0.0595613228050225       -0.0343877434401508     0.0595613228050225       -0.0055990789465170     0.0096978898637161
    2    2
     0.4238858648304350     0.0000000000000000       -0.0022209625903852     0.0000000000000000        0.0022209625903852     0.0000000000000000
    -0.0022209625903852     0.0000000000000000        0.4238858648304350     0.0000000000000000       -0.0022209625903852     0.0000000000000000
     0.0022209625903852     0.0000000000000000       -0.0022209625903852     0.0000000000000000        0.4238858648304350     0.0000000000000000
    2    3
     0.0076376772977321    -0.0132288460219133        0.0007677475450415    -0.0013297778449047       -0.0007677475450415     0.0013297778449047
     0.0104247993965805    -0.0180562834289488       -0.0225349794964279     0.0390317320625393        0.0007518079375822    -0.0013021696330741
    -0.0104247993965805     0.0180562834289488        0.0007518079375822    -0.0013021696330741       -0.0225349794964279     0.0390317320625393
    2    4
    -0.0225349794964279    -0.0390317320625393        0.0104247993965805     0.0180562834289488       -0.0007518079375822    -0.0013021696330741
     0.0007677475450415     0.0013297778449047        0.0076376772977321     0.0132288460219133        0.0007677475450415     0.0013297778449047
    -0.0007518079375822    -0.0013021696330741        0.0104247993965805     0.0180562834289488       -0.0225349794964279    -0.0390317320625393
    2    5
    -0.0225349794964279     0.0390317320625393        0.0007518079375822    -0.0013021696330741       -0.0104247993965805     0.0180562834289488
     0.0007518079375822    -0.0013021696330741       -0.0225349794964279     0.0390317320625393        0.0104247993965805    -0.0180562834289488
    -0.0007677475450415     0.0013297778449047        0.0007677475450415    -0.0013297778449047        0.0076376772977321    -0.0132288460219133
    3    1
    -0.0202006237726665     0.0000000000000000        0.0086375797033325    -0.0000000000000000       -0.0086375797033325     0.0000000000000000
     0.0040531021212072     0.0000000000000000       -0.0040384921667805     0.0000000000000000        0.0009017256948853     0.0000000000000000
    -0.0040531021212072     0.0000000000000000        0.0009017256948853     0.0000000000000000       -0.0040384921667805     0.0000000000000000
    3    2
     0.0076376772977321     0.0132288460219133        0.0104247993965805     0.0180562834289488       -0.0104247993965805    -0.0180562834289488
     0.0007677475450415     0.0013297778449047       -0.0225349794964279    -0.0390317320625393        0.0007518079375822     0.0013021696330741
    -0.0007677475450415    -0.0013297778449047        0.0007518079375822     0.0013021696330741       -0.0225349794964279    -0.0390317320625393
    3    3
     0.3400353799362485     0.0000000000000000       -0.0072557999270733     0.0000000000000000        0.0072557999270733     0.0000000000000000
    -0.0072557999270733     0.0000000000000000        0.1367817883288150     0.0000000000000000       -0.0076628236728191     0.0000000000000000
     0.0072557999270733     0.0000000000000000       -0.0076628236728191     0.0000000000000000        0.1367817883288150     0.0000000000000000
    3    4
     0.0111099534265139    -0.0192430012139755        0.0619779146039628    -0.1073488825900463       -0.0014972456568417     0.0025933051999539
     0.0309128798176972    -0.0535426712446696        0.0111099534265139    -0.0192430012139755        0.0009257299941855    -0.0016034111681704
    -0.0009257299941855     0.0016034111681704        0.0014972456568417    -0.0025933051999539       -0.0041067155968121     0.0071130391083651
    3    5
    -0.0222199046096146     0.0000000000000000       -0.0029944910113472    -0.0000000000000000        0.1239558166928347    -0.0000000000000000
    -0.0018514598014400     0.0000000000000000        0.0082134303643625     0.0000000000000000       -0.0029944910113472    -0.0000000000000000
     0.0618257533932112     0.0000000000000000       -0.0018514598014400     0.0000000000000000       -0.0222199046096146     0.0000000000000000
    4    1
     0.0020192462872617     0.0034974366917111       -0.0020265512652126    -0.0035100892829670        0.0004508628929636     0.0007809173327343
    -0.0043187902877091    -0.0074803631985493        0.0101003129061024     0.0174942527706569       -0.0043187902877091    -0.0074803631985493
     0.0004508628929636     0.0007809173327343       -0.0020265512652126    -0.0035100892829670        0.0020192462872617     0.0034974366917111
    4    2
    -0.0225349794964279     0.0390317320625393        0.0007677475450415    -0.0013297778449047       -0.0007518079375822     0.0013021696330741
     0.0104247993965805    -0.0180562834289488        0.0076376772977321    -0.0132288460219133        0.0104247993965805    -0.0180562834289488
    -0.0007518079375822     0.0013021696330741        0.0007677475450415    -0.0013297778449047       -0.0225349794964279     0.0390317320625393
    4    3
     0.0111099534265139     0.0192430012139755        0.0309128798176972     0.0535426712446696       -0.0009257299941855    -0.0016034111681704
     0.0619779146039628     0.1073488825900463        0.0111099534265139     0.0192430012139755        0.0014972456568417     0.0025933051999539
    -0.0014972456568417    -0.0025933051999539        0.0009257299941855     0.0016034111681704       -0.0041067155968121    -0.0071130391083651
    4    4
     0.1367817883288150     0.0000000000000000       -0.0072557999270733     0.0000000000000000        0.0076628236728191     0.0000000000000000
    -0.0072557999270733     0.0000000000000000        0.3400353799362485     0.0000000000000000       -0.0072557999270733     0.0000000000000000
     0.0076628236728191     0.0000000000000000       -0.0072557999270733     0.0000000000000000        0.1367817883288150     0.0000000000000000
    4    5
    -0.0041067155968121    -0.0071130391083651        0.0009257299941855     0.0016034111681704       -0.0014972456568417    -0.0025933051999539
     0.0014972456568417     0.0025933051999539        0.0111099534265139     0.0192430012139755        0.0619779146039628     0.1073488825900463
    -0.0009257299941855    -0.0016034111681704        0.0309128798176972     0.0535426712446696        0.0111099534265139     0.0192430012139755
    5    1
    -0.0040384921667805     0.0000000000000000        0.0009017256948853     0.0000000000000000       -0.0040531021212072     0.0000000000000000
     0.0009017256948853     0.0000000000000000       -0.0040384921667805     0.0000000000000000        0.0040531021212072     0.0000000000000000
    -0.0086375797033325     0.0000000000000000        0.0086375797033325    -0.0000000000000000       -0.0202006237726665     0.0000000000000000
    5    2
    -0.0225349794964279    -0.0390317320625393        0.0007518079375822     0.0013021696330741       -0.0007677475450415    -0.0013297778449047
     0.0007518079375822     0.0013021696330741       -0.0225349794964279    -0.0390317320625393        0.0007677475450415     0.0013297778449047
    -0.0104247993965805    -0.0180562834289488        0.0104247993965805     0.0180562834289488        0.0076376772977321     0.0132288460219133
    5    3
    -0.0222199046096146     0.0000000000000000       -0.0018514598014400     0.0000000000000000        0.0618257533932112     0.0000000000000000
    -0.0029944910113472     0.0000000000000000        0.0082134303643625     0.0000000000000000       -0.0018514598014400     0.0000000000000000
     0.1239558166928347    -0.0000000000000000       -0.0029944910113472     0.0000000000000000       -0.0222199046096146     0.0000000000000000
    5    4
    -0.0041067155968121     0.0071130391083651        0.0014972456568417    -0.0025933051999539       -0.0009257299941855     0.0016034111681704
     0.0009257299941855    -0.0016034111681704        0.0111099534265139    -0.0192430012139755        0.0309128798176972    -0.0535426712446696
    -0.0014972456568417     0.0025933051999539        0.0619779146039628    -0.1073488825900463        0.0111099534265139    -0.0192430012139755
    5    5
     0.1367817883288150     0.0000000000000000       -0.0076628236728191     0.0000000000000000        0.0072557999270733     0.0000000000000000
    -0.0076628236728191     0.0000000000000000        0.1367817883288150     0.0000000000000000       -0.0072557999270733     0.0000000000000000
     0.0072557999270733     0.0000000000000000       -0.0072557999270733     0.0000000000000000        0.3400353799362485     0.0000000000000000

     Diagonalizing the dynamical matrix

     q = (     0.083316033904     0.083316033904    -0.083316033904 )

***************************************************************************
   freq (    1) =     3.60061029 [THz] =   120.10341417 [cm-1]
(  -0.545261  0.000000  -0.545261  0.000000   0.545261  0.000000 )
(   0.093051  0.161169   0.093051  0.161169  -0.093051  0.161169 )
(  -0.026419 -0.000000   0.018599  0.000000  -0.018599  0.000000 )
(   0.018599 -0.000000  -0.026419  0.000000  -0.018599  0.000000 )
(  -0.009300  0.016107  -0.009300  0.016107  -0.013209  0.016107 )
   freq (    2) =     3.66416958 [THz] =   122.22352362 [cm-1]
(  -0.036873  0.000000   0.629247 -0.255880   0.592374 -0.255880 )
(  -0.004686 -0.008116   0.136293  0.105991   0.131606  0.105991 )
(  -0.002342 -0.000000   0.100357 -0.040088   0.091031 -0.040088 )
(  -0.036061  0.012315   0.039959 -0.016249   0.123090 -0.016249 )
(  -0.000701  0.025844  -0.018164  0.136266  -0.004737  0.136266 )
   freq (    3) =     3.66416958 [THz] =   122.22352362 [cm-1]
(  -0.764691  0.000000   0.352893  0.012338  -0.411799  0.012338 )
(  -0.097181 -0.168323   0.042132  0.079246  -0.055050  0.079246 )
(  -0.048560  0.000000   0.092089  0.001933  -0.101318  0.001933 )
(  -0.136786 -0.000594   0.022410  0.000784  -0.047532  0.000784 )
(   0.069296 -0.121212  -0.019922  0.029453   0.012397  0.029453 )
   freq (    4) =     6.82627517 [THz] =   227.69999757 [cm-1]
(   0.000000  0.000000  -0.000000  0.000000  -0.000000  0.000000 )
(  -0.000000 -0.000000   0.000000  0.000000   0.000000  0.000000 )
(  -0.000000  0.000000   0.390952 -0.117573   0.390952 -0.117573 )
(  -0.390952  0.117573   0.000000 -0.000000  -0.390952 -0.000000 )
(  -0.093655  0.397361   0.093655 -0.397361  -0.000000 -0.397361 )
   freq (    5) =     6.88131881 [THz] =   229.53605545 [cm-1]
(  -0.037926  0.000000   0.018963 -0.000000  -0.018963 -0.000000 )
(   0.075615  0.130969  -0.037809 -0.065485   0.037806 -0.065485 )
(   0.152351 -0.000000  -0.462808  0.000002   0.462802  0.000002 )
(   0.498873 -0.000001  -0.076177  0.000001   0.036059  0.000001 )
(  -0.249435  0.432031   0.018033 -0.031240  -0.038088 -0.031240 )
   freq (    6) =     6.88131881 [THz] =   229.53605545 [cm-1]
(  -0.000000  0.000000  -0.029851  0.013701  -0.029851  0.013701 )
(   0.000001  0.000002   0.106826  0.075768   0.106827  0.075768 )
(   0.000002 -0.000000   0.280688 -0.128828   0.280698 -0.128828 )
(  -0.223915  0.102771   0.119912 -0.055036   0.504614 -0.055036 )
(  -0.022961  0.245312  -0.051736  0.552807  -0.012295  0.552807 )
   freq (    7) =     9.79534789 [THz] =   326.73758883 [cm-1]
(  -0.054972  0.000000  -0.054972 -0.000000   0.054972 -0.000000 )
(  -0.223608 -0.387301  -0.223608 -0.387301   0.223608 -0.387301 )
(  -0.043481  0.000000  -0.253395 -0.000000   0.253395 -0.000000 )
(  -0.253395  0.000000  -0.043481 -0.000000   0.253395 -0.000000 )
(   0.126698 -0.219447   0.126698 -0.219447  -0.021740 -0.219447 )
   freq (    8) =    10.18500825 [THz] =   339.73525762 [cm-1]
(  -0.029453  0.000000   0.038683  0.014044   0.009230  0.014044 )
(   0.202243  0.350295  -0.098587 -0.556508   0.103656 -0.556508 )
(  -0.259520 -0.000000   0.156035 -0.018896  -0.220499 -0.018896 )
(  -0.233661 -0.099221   0.340848  0.123749   0.260870  0.123749 )
(  -0.138346  0.041180  -0.076145 -0.028763  -0.147834 -0.028763 )
   freq (    9) =    10.18500825 [THz] =   339.73525762 [cm-1]
(   0.032065  0.000000   0.005972  0.012900   0.038037  0.012900 )
(  -0.220183 -0.381369   0.112419 -0.159603  -0.107764 -0.159603 )
(   0.282541  0.000000  -0.234573 -0.017356   0.175362 -0.017356 )
(  -0.085331 -0.091137   0.052618  0.113666  -0.008988  0.113666 )
(  -0.191719  0.149794  -0.194242  0.188877  -0.266017  0.188877 )
   freq (   10) =    11.70638167 [THz] =   390.48280514 [cm-1]
(  -0.001942  0.000000   0.000965 -0.000003  -0.000977 -0.000003 )
(  -0.026723 -0.046286   0.013344  0.022967  -0.013380  0.022967 )
(   0.319500 -0.000000   0.314179  0.000668  -0.311194  0.000668 )
(   0.215907  0.000756  -0.158785  0.000432   0.526704  0.000432 )
(  -0.105607  0.184430   0.263627 -0.456438  -0.080732 -0.456438 )
   freq (   11) =    11.70638167 [THz] =   390.48280514 [cm-1]
(   0.000007  0.000000  -0.001539 -0.000687  -0.001532 -0.000687 )
(   0.000102  0.000177  -0.004806 -0.046130  -0.004704 -0.046130 )
(  -0.001221  0.000000   0.389382  0.174742   0.391772  0.174742 )
(   0.441654  0.197959   0.253181  0.112998  -0.053909  0.112998 )
(   0.393083 -0.284921   0.045048 -0.031590  -0.223839 -0.031590 )
   freq (   12) =    13.22761666 [THz] =   441.22573522 [cm-1]
(  -0.014197  0.000000  -0.014197  0.000000   0.014197  0.000000 )
(  -0.072518 -0.125604  -0.072518 -0.125604   0.072518 -0.125604 )
(   0.014449  0.000000   0.394897 -0.000000  -0.394897 -0.000000 )
(   0.394897 -0.000000   0.014449 -0.000000  -0.394897 -0.000000 )
(  -0.197449  0.341991  -0.197449  0.341991   0.007225  0.341991 )
   freq (   13) =    13.37905581 [THz] =   446.27720082 [cm-1]
(  -0.002636  0.000000   0.004339  0.008076   0.001703  0.008076 )
(   0.020101  0.034817   0.073590 -0.118902   0.093691 -0.118902 )
(   0.182544 -0.000000   0.093704  0.232322   0.080094  0.232322 )
(  -0.024619  0.095311  -0.300482 -0.559317  -0.002217 -0.559317 )
(   0.130502 -0.035414  -0.171012  0.022179   0.543351  0.022179 )
   freq (   14) =    13.37905581 [THz] =   446.27720082 [cm-1]
(  -0.009957  0.000000   0.004179 -0.002138  -0.005778 -0.002138 )
(   0.075931  0.131517  -0.060108 -0.038890   0.015823 -0.038890 )
(   0.689545 -0.000000   0.002700 -0.061503  -0.048709 -0.061503 )
(  -0.237101 -0.025232  -0.289388  0.148069  -0.215526  0.148069 )
(   0.087261 -0.201605  -0.062784  0.181288  -0.328310  0.181288 )
   freq (   15) =    20.91634785 [THz] =   697.69416486 [cm-1]
(  -0.004655  0.000000  -0.004655 -0.000000   0.004655 -0.000000 )
(  -0.005311 -0.009198  -0.005311 -0.009198   0.005311 -0.009198 )
(   0.576727  0.000000  -0.017105  0.000000   0.017105  0.000000 )
(  -0.017105 -0.000000   0.576727 -0.000000   0.017105 -0.000000 )
(   0.008552 -0.014813   0.008552 -0.014813   0.288363 -0.014813 )
***************************************************************************
