Dynamical matrix file
File generated with the CellConstructor by Lorenzo Monacelli
1 2 0     1.8897259890000000     0.0000000000000000     0.0000000000000000     0.0000000000000000     0.0000000000000000     0.0000000000000000
Basis vectors
    5.0000000000000000     0.0000000000000000     0.0000000000000000
    0.0000000000000000     5.0000000000000000     0.0000000000000000
    0.0000000000000000     0.0000000000000000     5.0000000000000000
	1  'H '    918.5899649905895785
    1     1    -0.3217574128037792     0.0000000000000000     0.0000000000000000
    2     1     0.3217574128037792     0.0000000000000000     0.0000000000000000

     Dynamical Matrix in cartesian axes

     q = (    0.000000000000   0.000000000000   0.000000000000 )

    1    1
     0.0404644053739441     0.0000000000000000        0.0000000000000000     0.0000000000000000        0.0000000000000000     0.0000000000000000
     0.0000000000000000     0.0000000000000000        0.0404644053739441     0.0000000000000000        0.0000000000000000     0.0000000000000000
     0.0000000000000000     0.0000000000000000        0.0000000000000000     0.0000000000000000        0.0404644053739441     0.0000000000000000
    1    2
    -0.0404644053739441     0.0000000000000000        0.0000000000000000     0.0000000000000000        0.0000000000000000     0.0000000000000000
     0.0000000000000000     0.0000000000000000       -0.0404644053739441     0.0000000000000000        0.0000000000000000     0.0000000000000000
     0.0000000000000000     0.0000000000000000        0.0000000000000000     0.0000000000000000       -0.0404644053739441     0.0000000000000000
    2    1
    -0.0404644053739441     0.0000000000000000        0.0000000000000000     0.0000000000000000        0.0000000000000000     0.0000000000000000
     0.0000000000000000     0.0000000000000000       -0.0404644053739441     0.0000000000000000        0.0000000000000000     0.0000000000000000
     0.0000000000000000     0.0000000000000000        0.0000000000000000     0.0000000000000000       -0.0404644053739441     0.0000000000000000
    2    2
     0.0404644053739441     0.0000000000000000        0.0000000000000000     0.0000000000000000        0.0000000000000000     0.0000000000000000
     0.0000000000000000     0.0000000000000000        0.0404644053739441     0.0000000000000000        0.0000000000000000     0.0000000000000000
     0.0000000000000000     0.0000000000000000        0.0000000000000000     0.0000000000000000        0.0404644053739441     0.0000000000000000

     Diagonalizing the dynamical matrix

     q = (    0.000000000000   0.000000000000   0.000000000000 )

***************************************************************************
   freq (    1) =     0.00000000 [THz] =     0.00000000 [cm-1]
(  -0.707107  0.000000   0.000000  0.000000   0.000000  0.000000 )
(  -0.707107  0.000000   0.000000  0.000000   0.000000  0.000000 )
   freq (    2) =     0.00000000 [THz] =     0.00000000 [cm-1]
(   0.000000  0.000000   0.000000  0.000000  -0.707107  0.000000 )
(   0.000000  0.000000   0.000000  0.000000  -0.707107  0.000000 )
   freq (    3) =     0.00000000 [THz] =     0.00000000 [cm-1]
(   0.000000  0.000000  -0.707107  0.000000   0.000000  0.000000 )
(   0.000000  0.000000  -0.707107  0.000000   0.000000  0.000000 )
   freq (    4) =    30.87919751 [THz] =  1030.01901028 [cm-1]
(  -0.707107  0.000000   0.000000  0.000000   0.000000  0.000000 )
(   0.707107  0.000000   0.000000  0.000000   0.000000  0.000000 )
   freq (    5) =    30.87919751 [THz] =  1030.01901028 [cm-1]
(   0.000000  0.000000   0.707107  0.000000   0.000000  0.000000 )
(   0.000000  0.000000  -0.707107  0.000000   0.000000  0.000000 )
   freq (    6) =    30.87919751 [THz] =  1030.01901028 [cm-1]
(   0.000000  0.000000   0.000000  0.000000  -0.707107  0.000000 )
(   0.000000  0.000000   0.000000  0.000000   0.707107  0.000000 )
***************************************************************************
