Dynamical matrix file
File generated with the CellConstructor by Lorenzo Monacelli
1 2 0     1.8897259890000000     0.0000000000000000     0.0000000000000000     0.0000000000000000     0.0000000000000000     0.0000000000000000
Basis vectors
    5.0000000000000000     0.0000000000000000     0.0000000000000000
    0.0000000000000000     5.0000000000000000     0.0000000000000000
    0.0000000000000000     0.0000000000000000     5.0000000000000000
	1  'H '    918.5899649905895785
    1     1    -0.3116164164841345     0.0000000000000000     0.0000000000000000
    2     1     0.3116164164841345    -0.0000000000000000     0.0000000000000000

     Dynamical Matrix in cartesian axes

     q = (    0.000000000000   0.000000000000   0.000000000000 )

    1    1
     0.6573167645356683     0.0000000000000000        0.0000000000000000     0.0000000000000000        0.0000000000000000     0.0000000000000000
     0.0000000000000000     0.0000000000000000        0.0343644441264662     0.0000000000000000        0.0000000000000000     0.0000000000000000
     0.0000000000000000     0.0000000000000000        0.0000000000000000     0.0000000000000000        0.0343644441264662     0.0000000000000000
    1    2
    -0.6573167645356683     0.0000000000000000        0.0000000000000000     0.0000000000000000        0.0000000000000000     0.0000000000000000
     0.0000000000000000     0.0000000000000000       -0.0343644441264662     0.0000000000000000        0.0000000000000000     0.0000000000000000
     0.0000000000000000     0.0000000000000000        0.0000000000000000     0.0000000000000000       -0.0343644441264662     0.0000000000000000
    2    1
    -0.6573167645356683     0.0000000000000000        0.0000000000000000     0.0000000000000000        0.0000000000000000     0.0000000000000000
     0.0000000000000000     0.0000000000000000       -0.0343644441264662     0.0000000000000000        0.0000000000000000     0.0000000000000000
     0.0000000000000000     0.0000000000000000        0.0000000000000000     0.0000000000000000       -0.0343644441264662     0.0000000000000000
    2    2
     0.6573167645356683     0.0000000000000000        0.0000000000000000     0.0000000000000000        0.0000000000000000     0.0000000000000000
     0.0000000000000000     0.0000000000000000        0.0343644441264662     0.0000000000000000        0.0000000000000000     0.0000000000000000
     0.0000000000000000     0.0000000000000000        0.0000000000000000     0.0000000000000000        0.0343644441264662     0.0000000000000000

     Diagonalizing the dynamical matrix

     q = (    0.000000000000   0.000000000000   0.000000000000 )

***************************************************************************
   freq (    1) =    -0.00000087 [THz] =    -0.00002917 [cm-1]
(  -0.620375  0.000000   0.337770  0.000000   0.032336  0.000000 )
(  -0.620375  0.000000   0.337770  0.000000   0.032336  0.000000 )
   freq (    2) =    -0.00000041 [THz] =    -0.00001376 [cm-1]
(  -0.171561  0.000000  -0.254101  0.000000  -0.637181  0.000000 )
(  -0.171561  0.000000  -0.254101  0.000000  -0.637181  0.000000 )
   freq (    3) =    -0.00000019 [THz] =    -0.00000639 [cm-1]
(  -0.292748  0.000000  -0.566872  0.000000   0.304885  0.000000 )
(  -0.292748  0.000000  -0.566872  0.000000   0.304885  0.000000 )
   freq (    4) =    28.45667052 [THz] =   949.21221960 [cm-1]
(   0.000000  0.000000   0.707076  0.000000  -0.006570  0.000000 )
(   0.000000  0.000000  -0.707076  0.000000   0.006570  0.000000 )
   freq (    5) =    28.45667052 [THz] =   949.21221960 [cm-1]
(  -0.000000  0.000000  -0.006570  0.000000  -0.707076  0.000000 )
(  -0.000000  0.000000   0.006570  0.000000   0.707076  0.000000 )
   freq (    6) =   124.45626927 [THz] =  4151.41369109 [cm-1]
(   0.707107  0.000000   0.000000  0.000000   0.000000  0.000000 )
(  -0.707107  0.000000   0.000000  0.000000  -0.000000  0.000000 )
***************************************************************************
