# Steps; Free energy +- error [meV]; FC gradient +- error [bohr^2]; Structure gradient +- error [meV / A]; Kong-Liu N_eff
0.000000000000000000e+00 6.630915530342225566e+02 1.643676581470851517e+01 1.829724881797163471e+04 2.719220880630010129e+02 7.605468586104197129e+03 1.297174200389669352e+01 5.000000000000000000e+03
1.000000000000000000e+00 1.478397433313234615e+03 7.044882479461432467e+01 9.900972119532429133e+03 5.326729179122743290e+02 2.298719718872716840e+03 3.123245602355485762e+00 6.289722720470686568e+01
2.000000000000000000e+00 1.266670304060788567e+03 3.776363624986299783e+01 8.197551981650301968e+03 2.932923009668058967e+02 2.604396741774048678e+03 2.558610710996540583e+00 2.423647759298351048e+02
3.000000000000000000e+00 1.095347818089653856e+03 2.254258288201105742e+01 6.440630144823193405e+03 1.967499476340748288e+02 2.882956058602693247e+03 2.196437573751825134e+00 5.935961346628178035e+02
4.000000000000000000e+00 9.551468555317654818e+02 1.550512166771128264e+01 4.792350633731413836e+03 1.505162931059089146e+02 3.121881038965475000e+03 1.933290451585435665e+00 1.054518372116352793e+03
5.000000000000000000e+00 8.408201592653301759e+02 1.191159659887711975e+01 3.354769115201163459e+03 1.232250062880630566e+02 3.312604249578767394e+03 1.811451276857751091e+00 1.552862215530131834e+03
6.000000000000000000e+00 7.490070020160765125e+02 9.802086095253795150e+00 2.420393866024152885e+03 1.049486711638049030e+02 3.447911393840698111e+03 1.878657592120609232e+00 2.045080340745137846e+03
7.000000000000000000e+00 6.767158332994290504e+02 8.402731130750385802e+00 2.506193453524533652e+03 9.210334430088725810e+01 3.522659567596922443e+03 2.132434964928377141e+00 2.504109047776737498e+03
8.000000000000000000e+00 6.210534153822558210e+02 7.396080835634387007e+00 3.442802909304343302e+03 8.314420089320756801e+01 3.533654531853755543e+03 2.524857523157039374e+00 2.914356122056642562e+03
9.000000000000000000e+00 5.793120763281805239e+02 6.640195360903756949e+00 4.663337820086959255e+03 7.733142944566128563e+01 3.479269400755027618e+03 3.004076637691590168e+00 3.270048186938855451e+03
1.000000000000000000e+01 5.490621660368693711e+02 6.066670114100375599e+00 5.921811093378436453e+03 7.428284294344211958e+01 3.359237916042297456e+03 3.533011162893812340e+00 3.572323881871397589e+03
1.100000000000000000e+01 5.281861558409135569e+02 5.642367209984316290e+00 7.136912056417918393e+03 7.374412640799448582e+01 3.174629527892437181e+03 4.087855948495803915e+00 3.826040141485065305e+03
1.200000000000000000e+01 5.148714760780515007e+02 5.352891951342185095e+00 8.278648263425029654e+03 7.545755729956817959e+01 2.927887318188254085e+03 4.653192317556903213e+00 4.037427749426258742e+03
1.300000000000000000e+01 5.075843441928345214e+02 5.193293073880724364e+00 9.335570511023624931e+03 7.911580608951602755e+01 2.622835525966925616e+03 5.218588158776618968e+00 4.212763128291390785e+03
1.400000000000000000e+01 5.050374960921109277e+02 5.161352978555609816e+00 1.030441968095677839e+04 8.438078391321172944e+01 2.264614391981799145e+03 5.776643094299871883e+00 4.357767224733811418e+03
1.500000000000000000e+01 5.061576545415371697e+02 5.252747069447293526e+00 1.118614811997116340e+04 9.092522420593337529e+01 1.859534727429216218e+03 6.321877219218083432e+00 4.477412784016446494e+03
1.600000000000000000e+01 5.100551342723173320e+02 5.458639478274813328e+00 1.198406807032305551e+04 9.846243790465307200e+01 1.414861660100910058e+03 6.850085254475422936e+00 4.575924599820251387e+03
1.700000000000000000e+01 5.100551342723173320e+02 5.458639478274813328e+00 1.198406807032305551e+04 9.846243790465307200e+01 1.414861660100910058e+03 6.850085254475422936e+00 4.575924599820251387e+03
1.800000000000000000e+01 4.601666393364496912e+02 4.340850988349159501e+00 1.141932655229767079e+04 8.985180648011412075e+01 9.716603152848369973e+02 5.904030201233723574e+00 4.457152910980686102e+03
1.900000000000000000e+01 4.601666393364496912e+02 4.340850988349159501e+00 1.141932655229767079e+04 8.985180648011412075e+01 9.716603152848369973e+02 5.904030201233723574e+00 4.457152910980686102e+03
2.000000000000000000e+01 4.211546694796854240e+02 3.530246706327628825e+00 1.061106341040689222e+04 8.488749739785640713e+01 5.807275939992721305e+02 5.151013973811954472e+00 4.261677138367389489e+03
2.100000000000000000e+01 4.211546694796854240e+02 3.530246706327628825e+00 1.061106341040689222e+04 8.488749739785640713e+01 5.807275939992721305e+02 5.151013973811954472e+00 4.261677138367389489e+03
2.200000000000000000e+01 3.930485401091393669e+02 2.909527089397488719e+00 9.285935200716985491e+03 8.102830097827001055e+01 3.229194052162754360e+02 4.479917135255116811e+00 4.024252226437200989e+03
2.300000000000000000e+01 3.930485401091393669e+02 2.909527089397488719e+00 9.285935200716985491e+03 8.102830097827001055e+01 3.229194052162754360e+02 4.479917135255116811e+00 4.024252226437200989e+03
2.400000000000000000e+01 3.752966773813315058e+02 2.443716878746968302e+00 7.327916484707335258e+03 7.775619999959945972e+01 1.702384133808477031e+02 3.887327717305969266e+00 3.783881269253510254e+03
2.500000000000000000e+01 3.752966773813315058e+02 2.443716878746968302e+00 7.327916484707335258e+03 7.775619999959945972e+01 1.702384133808477031e+02 3.887327717305969266e+00 3.783881269253510254e+03
2.600000000000000000e+01 3.661772945550865188e+02 2.132425519270482628e+00 4.836651586203523948e+03 7.564169265151339516e+01 8.473808489613676898e+01 3.424731493299683738e+00 3.570230705599211888e+03
2.700000000000000000e+01 3.661772945550865188e+02 2.132425519270482628e+00 4.836651586203523948e+03 7.564169265151339516e+01 8.473808489613676898e+01 3.424731493299683738e+00 3.570230705599211888e+03
2.800000000000000000e+01 3.629742792320414537e+02 1.978776251512698092e+00 2.265475850734974301e+03 7.561287753716891302e+01 3.860988065458897012e+01 3.151885796826704222e+00 3.404836191289157341e+03
2.900000000000000000e+01 3.629742792320414537e+02 1.978776251512698092e+00 2.265475850734974301e+03 7.561287753716891302e+01 3.860988065458897012e+01 3.151885796826704222e+00 3.404836191289157341e+03
3.000000000000000000e+01 3.625328202641222788e+02 1.951154518198389365e+00 4.362555951993749090e+02 7.734739344628177093e+01 1.406015409504530034e+01 3.063395976149938971e+00 3.303571421123893742e+03
3.100000000000000000e+01 3.625328202641222788e+02 1.951154518198389365e+00 4.362555951993749090e+02 7.734739344628177093e+01 1.406015409504530034e+01 3.063395976149938971e+00 3.303571421123893742e+03
3.200000000000000000e+01 3.624978674766780387e+02 1.983900107138752311e+00 5.247550030742012694e+01 7.897060916509879291e+01 1.405366246672621555e+00 3.076019177493336088e+00 3.269271099149221300e+03
3.300000000000000000e+01 3.624953224574665569e+02 1.979410050253504805e+00 5.247550030742012694e+01 7.897060916509879291e+01 1.405366246672621555e+00 3.076019177493336088e+00 3.273634082440271868e+03
